1.7124727823535295
2.1195571778964157
2.0266415734393015
3.233725968982192
3.040810364525077
2.7478947600679673
2.9549791556108502
2.5620635511537393
2.6691479466966284
2.7762323422395174
2.583316737782402
1.6904011333252908
3.1974855288681785
1.9045699244110619
1.3116543199539552
2.4187387154968367
3.4258231110397244
3.932907506582612
4.039991902125501
4.8470762976683925
3.4541606932112745
4.061245088754164
4.468329484297049
4.575413879839946
4.6824982753828275
6.989582670925712
3.6966670664686028
4.403751462011494
5.610835857554383
5.017920253097262
5.225004648640153
4.032089044183038
5.139173439725933
5.946257835268819
-1.1466577691882955
-1.2395733736454093
-1.332488978102523
-1.5254045825596316
-2.018320187016744
-0.21123579147385918
0.29584860406902846
-2.097067000388083
-1.9899826048451938
-1.5828982093023076
-1.6758138137594214
-1.468729418216531
-1.4616450226736437
-1.3545606271307618
-1.1474762315878713
-1.5403918360449822
-1.8333074405020993
-1.8262230449592116
-0.9191386494163183
-3.4120542538734306
-2.8049698583305487
-2.7978854627876615
-2.1908010672447724
-1.7837166717018862
-2.4766322761589943
-2.0695478806161085
-2.4624634850732194
-2.555379089530333
-2.5482946939874456
-2.5412102984445584
-2.134125902901672
-1.4270415073587817
-1.919957111815894
-2.2128727162730106
-1.8057883207301177
-1.6987039251872358
-0.8916195296443439
-2.1845351341014605
-0.6774507385585733
-1.4703663430156828
-0.06328194747279658
0.5438024480700925
-1.1491131563870227
-0.042028760844134094
1.1650556346987564
-3.4278599697583574
-3.520775574215471
-3.9136911786725825
-4.106606783129697
-3.799522387586806
-4.192437992043917
-4.385353596501032
-3.978269200958146
-4.171184805415255
-4.664100409872367
-4.1570160143294785
-5.049931618786598
-5.142847223243704
-5.035762827700822
-3.8286784321579317
-3.3215940366150445
-4.014509641072159
-3.7074252455292678
-3.3003408499863816
-4.1932564544434925
-3.7861720589006067
-3.779087663357719
-3.4720032678148343
-4.0649188722719405
-4.357834476729058
-5.250750081186169
-6.343665685643282
-7.736581290100394
-6.629496894557505
-6.222412499014618
-6.11532810347173
-7.208243707928844
-5.101159312385954
-4.994074916843066
-5.08699052130018
-5.079906125757292
-5.472821730214402
-4.365737334671522
-4.758652939128632
-5.551568543585741
-8.244484148042858
-8.137399752499968
-7.4303153569570775
-8.023230961414193
-5.316146565871309
-2.5090621703284164
-3.6019777747855306
-6.294893379242646
-7.587808983699755
-7.880724588156864
-9.17364019261398
-15.066555797071093
-10.659471401528206
-7.5523870059853175
-6.145302610442432
-7.738218214899545
0.36886618064334353
-0.6240494238137688
3.9830349717291202
7.69011936727201
8.597203762814889
8.004288158357783
7.111372553900665
6.518456949443558
8.825541344986442
9.932625740529339
10.839710136072217
13.446794531615113
13.65387892715799
13.160963322700876
14.268047718243773
15.975132113786664
8.78221650932955
8.489300904872438
8.896385300415318
9.303469695958212
9.610554091501097
8.217638487043978
7.824722882586874
7.831807278129761
9.23889167367264
8.845976069215537
8.953060464758419
10.760144860301303
9.167229255844196
8.57431365138709
5.981398046929968
9.588482442472865
10.295566838015741
12.702651233558633
12.109735629101527
12.816820024644404
13.223904420187296
12.530988815730181
11.238073211273072
11.345157606815953
13.552242002358843
12.959326397901737
11.56641079344462
14.273495188987509
14.880579584530391
10.787663980073285
1.6947483756161708
-0.8981672288409435
-0.7910828332980544
-1.3839984377551682
-1.8769140422122805
-1.5698296466693886
-1.3627452511265057
-0.9556608555836124
-0.8485764600407304
-0.04149206449783849
-0.43440766895494987
-0.12732327341206506
-0.22023887786917884
-1.1131544823262898
-1.1060700867834021
-0.8989856912405121
-0.6919012956976287
-1.2848169001547425
-1.3777325046118492
-1.0706481090689648
-0.9635637135260757
-0.7564793179831923
-0.7493949224403047
-0.6423105268974156
-0.6352261313545284
-1.0281417358116394
-0.8210573402687489
-1.013972944725864
-1.0068885491829769
-1.5998041536400907
-2.092719758097203
-1.5856353625543154
-1.4785509670114267
-1.0714665714685405
-0.5643821759256529
-0.8572977803827624
-0.45021338483987616
-1.443128989296989
-1.8360445937541
-1.9289601982112137
-2.2218758026683236
-2.314791407125437
-2.7077070115825483
-2.2006226160396607
-1.9935382204967773
-1.786453824953887
-1.679369429410998
-1.772285033868112
-1.0652006383252286
-1.258116242782337
-1.0510318472394535
-1.1439474516965604
-1.3368630561536756
-1.529778660610791
-1.6226942650678977
-1.315609869525013
-0.6085254739821226
-0.001441078439240684
-1.9943566828963533
-0.4872722873534656
-0.4801878918105782
0.8268965037323137
1.4339808992752026
1.7410652948180874
1.8481496903609762
-1.7447659140961376
-0.6376815185532485
-0.3305971230103639
0.0764872725325223
-0.016428331924584594
0.49065606361830305
-0.4022595408388152
0.4048248547040767
-0.1880907497530373
-0.2810063542101511
-0.3739219586672651
-0.46683756312437175
-0.5597531675814855
-0.9526687720385967
-0.7455843764957133
-0.538499980952823
0.6685844145900603
0.3756688101329506
-0.21724679432416316
-1.010162398781273
-1.1030780032383867
-0.8959936076954964
-2.7889092121526144
-3.581824816609724
-3.2747404210668396
-2.867656025523946
-1.8605716299810586
-2.6534872344381752
-3.4464028388952848
-3.739318443352402
-4.732234047809515
-4.325149652266621
-2.218065256723739
-3.910980861180847
-3.40389646563796
-3.4968120700950736
-1.5897276745521873
-1.7826432790092956
-1.775558883466408
-2.868474487923522
-2.561390092380637
-1.354305696837747
-1.4472213012948607
-1.5401369057519745
-1.9330525102090856
-1.5259681146661994
-1.518883719123312
-0.9117993235804229
-0.6047149280375383
-2.897630532494648
-2.5905461369517635
-2.8834617414088726
-2.476377345865987
-3.2692929503230963
-1.562208554780213
-1.7551241592373212
-1.5480397636944379
-0.5409553681515504
-0.033870972608662786
0.2732134229342289
0.9802978184771123
0.787382214020004
0.2944666095628916
2.2015510051057774
2.2086354006486655
1.4157197961915557
0.5228041917344375
1.229888587277328
-1.0630270171797818
-1.9559426216368998
-2.4488582260940124
-2.3417738305511233
-2.5346894350082314
-2.1276050394653456
-3.0205206439224566
-3.2134362483795718
-3.206351852836684
-3.299267457293798
-3.6921830617509093
-3.08509866620802
-2.478014270665131
-2.970929875122244
-3.1638454795793587
-2.756761084036473
-3.2496766884935853
-2.7425922929506976
-2.935507897407806
-3.3284235018649238
-1.8213391063220365
-1.614254710779146
-1.6071703152362586
-2.00008591969337
-1.693001524150485
-0.4859171286075945
-2.5788327330647087
-3.0717483375218206
-3.664663941978935
-4.457579546436044
-4.250495150893161
-2.843410755350268
-3.036326359807383
-2.7292419642644985
-2.222157568721611
-2.415073173178719
-2.4079887776358317
-2.0009043820929455
-1.5938199865500593
-2.4867355910071702
-3.2796511954642797
-2.6725667999213982
-2.265482404378505
-2.158398008835623
-1.4513136132927327
-0.14422921774984787
-2.037144822206959
-6.830060426664069
-6.022976031121184
-5.715891635578292
-5.308807240035406
-5.101722844492523
-4.994638448949634
-2.487554053406746
-2.6804696578638545
-2.0733852623209725
-1.866300866778082
-1.9592164712351958
-2.2521320756923053
-2.745047680149418
-2.2379632846065305
-2.3308788890636443
-2.2237944935207556
-2.3167100979778694
-2.609625702434979
-2.802541306892094
-2.2954569113492065
-2.188372515806318
-1.9812881202634345
-3.074203724720541
-3.3671193291776578
-2.2600349336347687
-1.65295053809188
-1.045866142548991
-0.9387817470061092
-1.1316973514632174
-0.32461295592033257
0.18247143962255497
0.6895558351654425
0.69664023070833
-0.196275373748781
2.1108090217941036
2.317893417336994
2.624977812879879
1.8320622084227691
1.939146603965658
0.546230999508547
2.5533153950514347
2.760399790594318
2.4674841861372085
3.3745685816800943
3.381652977222982
3.5887373727658725
3.395821768308757
3.502906163851646
3.5099905593945335
3.017074954937421
3.524159350480309
3.9312437460231946
1.9383281415660822
2.6454125371089727
3.2524969326518547
4.059581328194747
4.066665723737634
3.97375011928052
3.9808345148234077
2.987918910366295
3.6950033059091854
3.50208770145207
4.109172096994959
3.916256492537844
3.0233408880807326
3.0304252836236203
2.6375096791665094
3.7445940747093984
2.451678470252282
-0.841237134204828
-0.9341527386619419
-1.6270683431190571
-3.319983947576165
-3.312899552033278
-4.905815156490392
-5.798730760947503
-5.091646365404619
-4.584561969861732
-4.477477574318843
-3.870393178775954
-3.963308783233068
-5.356224387690179
-5.3491399921472915
-4.042055596604406
-4.334971201061516
-5.127886805518626
-4.120802409975738
-3.2137180144328523
-2.506633618889969
-1.8995492233470799
-1.8924648278041925
-1.8853804322613048
-1.9782960367184188
-1.8712116411755297
-1.9641272456326437
-2.0570428500897506
-1.9499584545468687
-1.7428740590039782
-1.6357896634610891
-1.7287052679182031
-1.9216208723753185
-1.414536476832431
0.19254791871045812
0.799632314253347
1.1067167097962318
1.313801105339122
1.2208855008820083
1.2279698964248957
1.135054291967782
1.3421386875106722
1.649223083053557
0.756307478596446
1.363391874139335
0.8704762696822226
0.4775606652251115
-0.11535493923200241
0.9917294563108866
0.49881385185377414
1.2058982473966573
0.31298264293954636
-0.47993296151756326
2.827151434025321
2.9342358295682103
3.941320225111098
1.6484046206539884
2.0554890161968746
3.4625734117397604
5.169657807282651
3.4767422028255357
6.583826598368424
6.89091099391131
6.397995389454197
7.605079784997081
7.912164180539979
7.619248576082855
7.226332971625752
7.133417367168637
7.940501762711529
8.647586158254406
9.954670553797305
10.061754949340186
9.168839344883068