-0.0013676504478989937
5.483054097021878E-4
-1.5388240503821926E-4
8.350568362998079E-4
-6.566668965259925E-4
-0.008778987306099051
3.8988563782260677E-4
-0.00990502037098917
-8.986004314733842E-4
0.002661333271110289
5.370906822721455E-5
2.1653848319536095E-5
0.0026297312232447245
0.0024969467317569327
0.003172637399692646
0.0013997203133722103
-0.0010521360142862202
-3.1591496701965927E-4
-0.0037763127515179074
-0.0047165779411834086
7.129579769019623E-4
-0.004548169079176323
0.0023294442138341864
2.6460830097274624E-5
2.352011791861841E-4
-2.7546179497761614E-4
0.0017340741231078871
0.002631886308367415
-0.005798842963212647
7.778421659685453E-4
0.0014470465969721458
4.4591954089379104E-4
0.002693731726153392
1.7233948040940028E-4
-0.001378920170501674
-0.0010903787136617993
0.0016685605276762772
-0.006243030610316835
-9.534283948150479E-4
-4.852184250572211E-4
0.0015227263550352532
-0.003418732188125051
0.0041706711351277015
-1.893951622886636E-4
0.005240207053213042
-4.5019073128527154E-4
-3.0045592095073737E-4
-0.0014804559209506962
-0.0035815166796128173
-5.115829770290237E-4
-9.72776330523839E-4
3.4523474698489043E-4
1.3496955731939764E-4
0.00480390879865733
0.0015427817425789359
5.066022525501701E-5
0.001349997251091306
-0.0027903342359905103
0.00698953316917672
-5.066572307232953E-5
-0.003120798317905127
8.807462601645444E-5
-0.005273383917143715
0.003435157539696032
-1.7504135255308473E-4
0.0096745608629486
-0.0028065661931296892
-8.567650853787967E-4
-3.4789214145736214E-4
-0.001857958438873597
6.217763714608804E-4
0.002860848207631661
-0.0036704777406959543
0.00489879298772411
6.669366600654536E-4
3.368703626491776E-4
-0.003693195934767135
6.566051729837152E-4
0.0019162073884854136
0.0013059421988198539
-0.00417425669342919
0.0012748814401579711
-0.0013959804262548836
-0.0015070411849168464
7.722958409193126E-4
9.320969486701358E-4
0.004861898056421121
-0.004318168240995179
0.0011011024874245656
6.195113494316118E-4
0.002827920211438628
0.001017588724356755
-0.0027726764653087654
6.873235346912532E-4
9.672572372748656E-4
0.002124141258705192
6.234782845416786E-4
-9.965880128748328E-4
0.0037832793922923935
-0.0016567869051239414
0.006582815310377854
0.002312019741381399
2.9095898271935816E-4
0.0014385722757298547
-6.421221575791947E-5
0.0020141966462491334
0.006533069590170748
0.00361220772375781
0.0019108817754303065
0.0035108817754303523
2.9061658576490235E-4
0.0033404176935157848
0.004880417693515771
0.003768428771024568
-0.007292499392804741
0.004456903930447953
-4.134275566339829E-4
-0.0018263446429543917
-9.089965396092969E-4
0.0018376885895718953
0.0020849040980841504
1.794014125250376E-4
-0.0023643112427919055
0.0011644954037134392
7.204239930758138E-5
2.78396041406892E-4
-0.0015062447777393073
8.589155108653657E-4
-0.0014312170839673177
0.00854301504080801
0.0017780427345799321
-0.0018924876447510286
-0.0019438798904948262
-0.0021660014078188627
5.835345102666034E-4
3.0260634643730633E-4
-0.0024762775073569054
-0.0017578023479335458
-0.0017714487058341222
0.002755236423347074
-0.0017767524991441075
6.223193370267222E-4
-0.003837746960389632
-0.0019303988570446018
-9.305314518773811E-4
-1.6172480537213207E-4
-1.1252037436870754E-4
0.004246418866969415
1.2535810830738292E-4
-0.002264973378774515
-0.0013357689477709878
-0.0044971611935148426
-0.0014471611935148454
-1.8782416767859633E-4
-6.186197366750967E-4
-6.791501160060553E-4
-0.0038296141979207166
0.0019993913408337116
-0.0013010064436645985
9.879327976735075E-4
0.00230733612092604
-0.0011334594480704174
8.765405519295388E-4
0.0015458775777659195
0.00202514830618572
0.01030455162943833
3.134245733599217E-4
-7.171721033873979E-4
4.124964095307826E-4
0.001761700840534286
-7.607521638716142E-4
6.191815387119881E-4
-0.0012809510561206938
1.0646334464070595E-4
-3.736029527757756E-4
5.056014782277574E-4
0.001505468883394978
-0.0029560559571815137
0.0035322866074091186
-0.0026981111770891797
0.0032495021159213433
0.002204397214860543
0.0016540657277785975
-0.00279692873346693
3.120768052874423E-4
-2.99784146201576E-5
0.0020483641499704497
-0.003881834742278767
-0.0015949507208482538
0.0015036570334078236
-0.0027512489754039082
8.70272917703474E-5
3.662950727223446E-5
-0.0017335693849769296
3.859665331084061E-4
-0.0012140334668916397
0.0011213257139621735
0.003189535683720046
2.694693863036779E-4
0.003028143437976194
6.064860025668528E-4
-0.003515370325091527
-0.0013572266527500654
-0.004867425544999304
-0.003557889626913946
-0.003342000066729023
0.0014961436056124544
0.0038832928167084058
0.0015224309502954725
-0.006148232023868272
-0.0021489612954483928
-0.0015409502179395407
-8.016131921033676E-4
5.874586440673957E-4
-0.0011926076533489427
2.957349112417962E-4
-0.0013349943603384595
0.002992884122337558
-1.8870701565532055E-4
-0.007089834071733803
0.001169768143767902
-0.0060308285329794264
-9.518892916413613E-4
0.003177315139362147
0.0016371825445292698
0.0013667184626147133
-0.0016934141322180185
6.660554884508896E-4
-0.001474740080545489
-0.0036062649211220377
6.425417253831389E-4
-7.979886539478676E-4
-0.002208784222944349
0.004100552802891788
-3.0097203768464365E-4
0.0025490279623152645
-0.0021430272575923004
-0.0025230272575922363
-0.0028834913395070494
8.862434708275524E-4
0.003065978281162174
0.0021357793889129617
0.0014756467940802986
-5.4684693001627593E-5
5.952490095819662E-4
2.745860354181895E-4
6.12133031012374E-4
-0.0020789277276496154
0.0013102767033539298
-0.002891712219137421
-0.001162308895884645
-0.002363568546795758
-0.005773767439044897
0.0019453043971258133
-6.552922796216887E-4
0.004554707720378359
-6.367508227818064E-4
9.324917721820203E-5
0.0014231828798018098
5.727187978872283E-4
0.0016006635779796108
-0.0017496016116859137
-0.0026798668013513494
0.001240000603815905
6.200006038158401E-4
3.5966911673401825E-4
-7.04634780989144E-5
-3.209275600134509E-4
-0.004451060154846198
9.08674655488384E-4
-3.8172312900985883E-4
0.0015871498149118146
0.007233901241509355
0.003472707888014681
0.003652707888014639
0.0018127078880146863
0.0016920449138509985
-1.0861806031281507E-4
-0.0027488169525620165
0.0022906526681070183
0.0029305863706906576
-0.003790275495722195
-0.002530474387971382
-3.406069828040259E-4
-0.004121004767302261
0.0036778018792029687
-8.823307156298199E-4
-4.299368979343576E-5
0.002446608525708105
0.0025147521980497523
-0.007347236724441486
-0.0058072367244415
7.319677065619201E-4
3.119014091456096E-4
0.002831039542732783
-4.694908365983075E-4
0.0015601113789034393
-0.012741811246171353
-0.002564330547993543
-0.007376717254983012
0.0021830838527677754
0.002092884960518626
0.003911028632860192
6.908297406110764E-4
-0.0018195017464708307
5.393711974508442E-4
0.0029778463568742586
-0.0022724851302077242
-6.526840224566621E-4
-0.0029936784837022445
-0.0010437447811187939
-0.0026941425656169526
0.004304465188639028
2.1419999897365205E-4
-4.692705710473977E-5
0.0011528740506461244
0.0027024762661479462
0.0033411503178203406
-4.795789537597184E-4
-0.002020904902087284
0.0012986973134145874
-0.0028815015788346
0.001317172472837913
-9.046175574042303E-4
-0.0022447501522369073
9.249183606812039E-4
-0.0020272694540590663
0.00456140459761345
-0.00461005394554681
-0.0029435677086147027
-5.537003034473686E-4
-0.007664031790529324
-0.005494694764692998
-8.765510923515185E-4
0.006273051123150131
-0.010927678148429987
-0.005397810743262621
0.003880598118744305
0.00338059811874436
6.501340368297859E-4
-0.0011903963425012876
0.002349006980751467
0.005018542898836742
0.0034472832479255366
0.0012761561918471775
-4.941752952346556E-4
-0.0017143741874837692
0.0010750291357688457
-0.0029857664332275657
0.002543769484857794
-3.9636310997503976E-4
9.13570592608659E-4
-0.0024970260841387093
-1.7775535571884493E-4
-0.0010480868428007772
-0.002128285735049862
0.005371515372701086
2.813164804519319E-4
-8.893464937118623E-4
-0.00324007576529195
0.0018885982863805495
2.5720604063683705E-4
4.771397432202784E-4
0.002847073445803927
0.002536410471640216
0.0011361452819746987
0.001185084523312785
-0.0017052469637691692
-0.0030155784508509864
0.004574421549148999
-0.006956042532765605
0.0018037585749852703
5.737585749852059E-4
-1.9637401984751168E-4
-3.772358862603742E-4
2.4176965249389504E-4
0.0023617033550776823
-0.0016294899984171662
-6.296888906662801E-4
-0.0027412800286592542
-0.006841280028659247
-0.004453003761484942
-0.005913202653734073
-9.934015459832635E-4
-0.0016134015459832174
0.007153946557361901
-5.161197400546103E-4
0.001983349880614438
0.0015428857986997668
-2.6711420130021146E-4
-0.0015375782832148799
-0.0020686390418767076
0.003720896876208468
-9.793683134569076E-4
5.399687123792685E-4
0.002528841656300962
6.766538415605705E-4
0.0016665875441442823
-0.0021034787532721033
0.002016256057062349
-3.0400913260308915E-4
-0.0018845395119341246
0.0010851952984003432
-0.0022156002705960853
0.0023640682423220483
2.2367045782378803E-4
0.0012030737810764247
0.005231814130165269
2.2101856116885088E-4
0.0044606870740869775
-0.005140108494909534
-0.002122561499315445
0.004057239608435403
-0.0023039537450593173
0.006025250685944172
0.004684852901445935
-0.0026052133959704182
-0.007266008964966875
-0.0012162741546324352
-0.0012563404520488097
2.9965737874393383E-6
-0.0040672023184616934
-0.003609323835785605
0.006089615405552418
-6.417768401915103E-4
0.00448649942698276
-4.154231980920686E-4
0.002544245314825999
-0.003756086172255868
-0.0013568154438359237
-0.006007412120583311
-0.0011774784179996445
-4.576110128323707E-4
-0.005518539176661674
-9.286717714944714E-4
7.119563367274928E-5
2.1026746984353917E-4
7.60201172427144E-4
-0.0025599977198219603
-0.012971389965565794
0.0036580133576868956
0.0033073503835230333
7.673503835230466E-4
-0.0041227822113095725
-0.0013140418622208383
-0.006834174457053588
-0.007214174457053524
0.0018656266506974495
-0.002884771133800923
0.0025745658920353076
-0.002895765595046451
0.003114035512704394
-0.0034062296769611367
-0.003757025245957557
0.004931317318633055
2.1118472380032838E-4
0.00339038915480383
0.0013399250728891587
7.697924780565302E-4
-0.004261467172854694
-3.5213014701851453E-4
0.0021267427969031694
-0.0035936549875950075
-0.0057843179617588225
-0.0035646494488407177
-0.0024449809359224917
6.649527666611199E-4
-0.0012053787204207023
0.0014037594131663944
-0.001036306884250049
1.0336162866808607E-4
0.0012031627364190722
-0.0029672350480792753
2.921682751733101E-4
0.009142035680340665
-0.0014490913757377877
0.002350709732013123
0.008539914163016693
0.0019786545121054377
-7.522073543072549E-4
-2.2240624655656127E-4
0.0033674611586108627
9.46665589614315E-4
0.001096599292197853
-0.0025035996000513094
8.146766671230932E-4
-0.0016864503889553184
0.0016029529342973525
-2.3737855278449516E-4
1.425551497989952E-4
4.524225549662475E-4
-5.797522953199241E-5
0.004311825878218989
-3.581741217810741E-4
0.001671693283386122
0.0037013617963044254
-3.8863820369561264E-4
-8.870450111209127E-5
3.1295498887917717E-5
-0.0014291022856103286
-0.0032901630442723206
-0.0030202956391049973
0.0017994391712293778
0.002899240278980364
-0.0038709586132688045
0.0016283121151510205
6.977817358201355E-4
7.370524642399401E-4
9.619059782717265E-5
0.002425527623663437
0.005495527623663454
4.2546132624698974E-4
-0.002305400540165925
0.0046144005675851085
0.010204334270168647
-5.732027247851157E-6
0.0018735387011721283
5.134724037557659E-4
-0.004196859083326121
0.0010928757270084466
-7.984502213190803E-4
0.012671284589015452
0.002037041554367458
0.002286776364701981
4.8664376986928826E-4
-0.002928660023440832
-9.600522691846081E-4
9.696825411499299E-4
3.8820674737038985E-5
-0.006681245622679466
0.0030284891876551923
0.006394975424587335
0.011164312450423597
0.004062986502096022
-0.006938538338480571
-0.0014231791576266861
0.007154434135383858
-0.0015058973516980378
-0.0031470244077764775
-0.005089477412182353
0.0019181358808282312
-0.002242394498502831
9.459480660878317E-4
0.0011523017081872533
0.006112301708187218
8.357382639661015E-4
0.0011136830440585666
1.3616746642242106E-5
0.008673218962144014
-0.005686781037856026
-0.0017596318267601996
-7.049369317302379E-5
5.58511845581311E-4
0.002985859948926417
0.005100025776285433
0.0014185672331251675
-0.0033526924177860185
-8.277973188467458E-4
-0.0017617088664128033
-0.001025885603644472
0.012109606172042153
7.088769004619522E-4
0.004017086870219844
-0.002122979427196414
-0.01088921138433574
-0.010054780367311111
-0.0034851118543930415
0.005137197645307512
0.0011454076150653192
2.5341869257422545E-4
4.200375243390564E-4
-0.004103608833561534
0.0013329437007870704
-0.00857778557079314
9.417503472922695E-4
8.98833260971843E-4
0.004726844338480585
7.015405451705758E-4
-0.0054890007440329125
-0.006996160865001322
0.003341452428009095
0.004639993884848814
-4.988899689453152E-4
0.001129850380143571
-0.011030812594020167
0.002097264780904995
8.431543410897246E-4
-0.0038622157496365217
0.0010173864658652443
-0.0027526798315511414
0.008249364478484011
0.008851408788518977
0.006028160215116651
0.0013771657538709237
-0.009723762409958203
-0.0012644916815384155
0.0014362929775856292
0.004762447727435948
-0.001339353212678751
-0.009335386277568913
-0.003353341967533674
-0.00201526459260859
-0.0017355406921466532
-0.004491175972538453
0.006337829566215869
5.973238557333005E-6
-0.0011059493865175352
-0.0012790653650869288
0.009599542389169047
-0.004460590205663695
3.7589603126853E-4
0.006345299354521106
0.0018245591730684518
0.007045410129608687
-8.369765773807991E-4
-0.015959893663701097
0.0056051894176145645
-0.0025444010498335556
0.008972007979809682
-0.00579252206424874
-0.0021677595601424793
-0.006643461137950668
-0.0021790964183424633
0.0017310915640341706
0.004358693947172143
-9.658805745575982E-4
1.438542357767858E-4
0.012121865313285518
-0.009831316962700454
-0.007364698130935543
8.44440002651603E-4
8.747605798610225E-4
-0.0039284544257426335
0.00749365618170883
0.0077179546039005675
-0.0153108629524773
-0.004827448216443431
0.0031535244250572303
0.00929629800667231
0.006613933957609119