-3.9250670178192504E-4
1.3160796616673576E-4
-0.0014022410548414355
-4.4128261625075993E-4
-4.996941909277686E-4
-6.708673325586112E-4
0.001243164068667757
5.669575398432602E-4
-0.007910246452495828
-0.009868311182535727
1.5003980487482416E-4
-5.983552503227019E-4
0.00127740004173027
-8.903681420109333E-4
5.026407008201783E-4
0.0012425214864473233
7.697515255795651E-4
-0.008738063803222063
6.624908120065331E-4
-9.654970850645483E-4
5.094910520827556E-4
3.827732142021034E-4
-0.0035155260731221105
5.997001277235903E-6
-0.004093763634350989
0.001469518790688018
0.0012406162598936898
-0.003828145488756207
-0.0036648898612674508
0.0014468744996621874
9.684042924500424E-4
2.95022737628714E-4
8.286721136110398E-4
9.342350957175505E-6
7.013630781468327E-4
-4.784023482824473E-4
-2.2490545597875222E-4
0.0010812472093962855
0.0011120280259968585
6.337739561459443E-4
-6.499862620102936E-4
-7.363251736360876E-4
-0.007400670139336096
-0.0018302277897450647
-4.466205702491344E-4
4.549846320441864E-4
-0.0019934252671074404
-0.001083663443791072
-0.004734774612693449
-9.36184729509737E-5
8.10109395239289E-4
2.443971790119237E-4
-2.323053216483073E-4
-0.002199753447444719
-0.0012647384910318138
9.156519172685007E-4
-0.0024259032496062316
8.15122182860617E-4
8.784431558438444E-4
-0.002359787703283045
-9.981451169105426E-5
1.209193793376695E-4
7.30978028159246E-4
0.0011519682854480573
0.001413228302342917
1.7304567006293237E-4
-0.001103385395465617
0.001238491220243998
0.001209724455875305
-0.0013553946406097417
-2.3393690627637742E-4
-9.333286742314595E-4
-0.0033708052839614977
2.913595384214096E-4
-0.004284349343041338
-0.004609180232853061
0.001041592195262342
6.01960821731029E-4
0.0011232979236571738
-0.0013718714331643067
-0.0017616050191801014
5.60539691468076E-4
0.0013513422790424334
-0.0046364258666965474
-0.0019320358921546266
9.523641138249328E-4
-3.455715844644658E-4
-6.074836437006681E-4
6.553145327521381E-4
-0.002229372261866147
8.023183705123671E-4
2.1222956766064893E-4
-3.756843542261912E-4
0.0013280739363428218
6.704297632045275E-4
0.0013902873489654022
0.0017899723501706433
0.00136262811238419
0.0012444092231400639
0.001674040612957839
0.0015951799920165266
-4.3461391291732543E-4
-0.0021207115434417334
-0.0021300999494880957
8.814130771869211E-4
3.953305372500493E-4
-0.0032538618377411233
0.0016109972785133264
0.0018154140668921182
3.5965657890313363E-4
-0.0013298910129240227
-0.0011634403506423086
0.0017389288858524754
-2.3384467812836984E-4
0.001859387492003317
0.001676964348628518
0.0011089415392993018
-0.0023169315599493867
-0.0017353364270957794
-0.0061507961539534195
0.0015651252726154308
8.866131772655717E-4
-1.7627432787825636E-4
-4.276626983884535E-4
-0.0025691407965187096
0.0014809731500732282
-0.0013112924613309929
0.0011633167549902623
0.0012850224399540977
7.527499069590604E-4
-0.0020005730044695413
3.8142930822626653E-4
-8.219022111763952E-4
-0.00263026568888014
4.321622072936959E-4
1.3452120728008055E-5
-0.001163799946868771
-0.0010238320339154283
0.001731979984800347
-0.0016785634058736898
1.9178150574716835E-4
-5.956666091915253E-4
-0.0010651957756669939
-0.002099845971643921
-0.0029963811555291375
9.960333201541882E-4
-6.73604750050294E-4
-8.586868592885821E-5
8.783135071639414E-4
0.0015907531265874075
-6.651570712234989E-5
-0.0016550596428854814
-0.0011650043505437857
7.867884888905774E-4
-7.01473942301245E-4
9.800106004402842E-4
-2.986003563431039E-4
5.330500688521811E-4
-9.167693294920287E-5
0.001459650110394728
7.636680911304872E-4
-3.7555779437092873E-4
0.0017693817688232416
0.0019295627310065289
0.0015503334835964555
-5.694386395060924E-4
-0.002963932743262454
0.0017904237099117815
-4.785860327994884E-4
-1.130767855048731E-4
-0.001905024036205516
2.7365306595306116E-5
0.0014310096560010699
7.977451449769912E-5
-1.0638678599572682E-4
0.002067001208007957
0.002170389196582634
0.0016202414928473408
3.9117310674352535E-4
0.0018558730480749963
0.001389192334675049
-0.0013603085944999815
2.5371776929217216E-4
0.0017831430640440349
-0.0010129746619285118
9.79804837110465E-4
-0.003184815188549628
-0.0012418829537698128
0.001222014399987037
0.001382786822673454
-2.645105058275421E-4
0.0018947249449894343
-9.703790609082441E-4
3.170319512650899E-4
-0.0016494979648393748
0.0015896570498957763
0.0019422206582065948
0.002207941021714843
1.2806669155662753E-4
3.288340876665963E-4
-1.4032143662112695E-4
0.002366201541605717
0.0016346178799397926
-8.237601787984827E-4
0.0020726924110706646
-0.0018321588425378454
-0.0023340960455141557
0.0018908837194342443
-0.0028563164123011076
-0.0015855406277056616
-0.0017634780178071852
7.012788751048493E-4
-9.658458416960114E-4
-0.007779450225122719
0.0021553770615758694
-3.290857645832368E-6
0.00232724364041903
4.580227760654365E-4
0.0013697888233782374
-0.0045562451208901456
0.0010973690581987938
2.15580987850017E-4
6.219799500454259E-4
0.0018132248926396866
0.001616232520638361
0.0018863196588222442
-4.522142292167075E-4
0.0018096205037841928
6.79546791519714E-4
3.104130544921979E-4
1.1056526982233805E-4
8.309154655105067E-4
-7.130441401810295E-4
0.002348242685122237
0.0016084722429740017
-9.99895974683751E-5
-0.00276739916989166
-1.4034002893192898E-4
-0.004039131947898733
-9.884887873090609E-4
-0.0013370159786749714
4.129371174685925E-4
0.0024871877604740744
0.001618980610766152
0.001270780163160179
0.0013208471896093421
-7.762959905452949E-4
8.75143318436522E-4
0.001791364685786112
-4.7649564100005204E-4
0.0021838780229028742
-2.4578183456203107E-4
-3.4935941500946477E-4
0.002112490408578638
0.0016048881235780632
-7.202882806034427E-5
-1.801538824471871E-4
-4.0972493163149437E-4
0.0025916406379414836
0.0011344438572572502
-0.001794292785654461
0.0025757156028309858
0.00179780670209162
0.0015504423634282727
-9.400126316783108E-6
0.0013216253061499872
2.268594093868259E-5
4.8272280792882594E-4
1.0466811475517979E-4
0.0023159566372994433
0.0014238150147826145
-3.945110918073258E-4
0.0010576587462945986
0.0024609998255838983
2.1215259255991104E-4
-4.08700244493021E-4
-0.001346711357716912
0.0019538013639451846
-0.003383299911785098
-2.228977802349874E-4
0.0019382147849866804
0.0022590793778625162
-0.008339395866783783
0.0023924941748453277
0.0017578207844310967
3.119368241855103E-5
-0.0023532501501438707
0.0017705868846948913
1.0329290724497842E-4
7.28130252525494E-4
-0.0012387917365470624
-0.002057803406845693
0.001862694229658013
0.0014635135724875292
6.345407021950411E-4
0.002190049949489792
0.0016908642711717103
-0.0020978522491473806
0.0019866248418630716
0.0017209494491948751
2.3340500094337635E-5
0.00175685916337176
-0.0014301650653296694
-0.003856301184080757
0.001845255395399814
-0.011342874663848423
-5.638333436434051E-4
0.0016975087902878494
0.001150591816934221
-0.001029181981693883
-8.172919509223942E-4
2.137016519885293E-4
0.0016743752349569485
0.0011754459011832363
0.002526878518920861
-3.430128131256538E-4
-0.005215566620345502
7.78570322701011E-4
0.0019290260873535692
-0.0013992665141548954
9.734981626454697E-4
-0.0013596722542468243
0.0010049539585336165
6.264066825770742E-4
0.0019273299188458104
0.002187468987462693
0.0022599387500588097
5.004768093186396E-5
-0.0013991614656008178
-6.140643975804938E-4
0.0025296419299822848
-0.002338974064235333
-9.765480847910846E-4
0.0022935423935861454
-0.0010620927756122
-3.7525983059560897E-4
2.9547740605528894E-4
-0.005382382899015381
0.0012978298927237564
5.217440071646484E-4
0.0023594130502658794
6.983027240314854E-5
0.002440800407099042
0.0016512913632164006
-0.005964717705660427
3.4716225024256087E-4
0.0011765774972702925
-0.002078960475162095
-0.002287480964426103
-6.61995169059626E-4
0.0023720596786660497
9.757090492193976E-4
-0.003023052699430484
-0.002111244774837595
0.0024440466432835706
6.861561787538939E-4
7.372101060117986E-4
8.885522345143393E-4
0.002201506245696705
0.002462395966026154
4.361745126346683E-5
-0.007005703950049402
1.1460435750132447E-4
-0.008164639958780695
0.001022363878979693
0.002323012318207751
0.0017262210255534205
0.002206851023143108
7.274123350451411E-4
0.0014694263492749382
0.0017348451344788574
7.267334842958606E-4
9.17177520270096E-4
7.798014094971828E-4
0.002720999453663997
-1.2944454973717878E-4
0.002513398876761941
-0.0017856628126687868
0.001485084471706366
-8.243776628912292E-4
0.0025758485439097978
1.2758775567023317E-4
0.0010681775732210852
7.992180962748119E-4
7.811634139591739E-4
0.001981230445836979
0.002452832269934979
-0.005455999867072681
5.264095711763339E-4
-7.243410425343821E-4
0.0016867396768450726
0.0019796819322046577
7.061357867388374E-5
-2.6785951454111334E-5
3.2292083701146446E-4
0.0010246533575276606
0.0023749918245372648
8.150705796649005E-4
-7.145809056011698E-4
-0.0012191789136543063
2.6550765061739146E-4
7.079422000336733E-4
0.0024280226686886897
6.087565597174827E-4
-0.00493757060694322
0.0022778933903051524
-0.004061664254675135
0.0010496108419494332
-0.0016489632749882022
9.7190636617972E-4
-0.0023050474633062867
0.0016658941983138664
7.790319139611146E-5
3.8652898670488156E-4
2.494260354487521E-4
8.273313113595915E-4
0.0015794707487981618
0.001599495903396142
7.732977521993645E-4
-2.4219666742775203E-4
2.2876845697861192E-4
0.0019692912317936795
0.0023544435812982156
7.502561041379252E-4
-0.003175528186830312
-4.8444745116427157E-4
0.001170503829850622
-0.0028064349199057315
-3.206592586270096E-4
4.296540700711171E-4
0.0013706476675532375
0.002797453798732863
-0.0031391464840139216
0.00292414261055407
-0.0017126955696702417
0.0025484890431483054
8.727349170679632E-4
0.0014153789614608225
-2.0308287898140875E-4
-2.2271908350579572E-5
-0.004431827877805272
1.9901323599813558E-4
7.123459322312398E-4
0.0011929943823169031
0.0019284533584174035
-0.011918450205303355
5.639977917477612E-4
-0.0039154660292329835
2.0612909276296332E-4
0.002635700158233778
0.002199966143888399
1.1284642109088416E-4
-0.00389708989808224
0.0019832234306159657
-2.0833247257323606E-6
-6.216761611702593E-4
-0.0016307914674172919
0.0020700546783917195
-0.0036192935204716337
0.0013012610784705059
0.00253581693003746
0.0021766681349959516
0.0024416277827805644
4.2760459737389844E-5
-0.0012370133280329432
3.839115783322855E-4
-0.0017657281728266083
0.0027862322300160614
0.0017701279082475985
0.003049687245039734
-0.0017975212860383838
0.0018027417877525265
-0.0017639925424635106
-0.0014018076083455178
-0.004321772422309911
0.0011277414069450487
7.588271637587463E-4
0.002979542629435783
-0.004268527116322862
0.0029526424276238306
-5.356049401251672E-4
-0.004014708506835718
-0.0018318969207500313
0.0017336726400336566
0.0024851320498927576
8.07058953082973E-4
0.0030080910985094134
7.890038818592071E-5
-1.0335555897245108E-5
0.0025405843130336114
-9.114785380690549E-4
0.0022813699150064926
-0.0010572728713326152
0.0022951130987016732
0.0026251499874070383
-0.002532847727041654
0.00158715563486711
-4.527974504187071E-4
0.0015610295258381424
0.001051424949857327
2.8144171054123035E-4
6.327486584369879E-4
0.0017429363172934975
0.0022134255761697696
0.002834487886484216
0.002839608395575066
-3.478648522463601E-4
0.0027326880820280897
0.0016326093323293378
0.002133224255618349
2.406788314549546E-4
0.0014506553740978312
0.001993049748903908
7.733932370612706E-4
0.0021805830744392463
6.054656100488165E-4
0.0022763989157569275
0.0018858426575757425
0.002798974285319389
7.798857820517924E-4
0.002480246036321798
-9.48664850384584E-4
0.0019835334825085704
0.002753697689436896
0.00239747774555088
0.0026999089819178534
0.0028119531773224127
-2.1669128997114928E-4
0.002984647476622748
-0.001105146422882619
0.0021016378993211626
0.0016243989947239967
-0.00607273077579773
-0.0011972366028037973
0.0020351410113184087
-7.329979405388265E-4
0.0028517702040720128
0.002073015146666468
-0.004894711127221507
-7.440375496819973E-4
-0.00496142199465166
0.003139731707950566
0.0012635871789988817
0.0019100665664184557
0.0025411389135991946
-5.851094870761298E-4
0.0029370383279899714
0.001277602985513937
0.0015023900650293909
0.002572572445247445
7.045697259376871E-4
-0.0030614793197756285
6.675067243741006E-4
0.0022390510927675633
-0.0032338076655229475
0.0027267533943168276
0.0017339147260457821
-0.0017715966900405666
0.0029891623447285687
8.383578024223626E-4
0.0019275234015785347
9.704096246970773E-4
2.442062057196326E-4
0.0018763752984932713
-0.009009092816849806
9.368621310869019E-4
-2.87542014702713E-4
0.0028446194566292826
0.002310772127433136
-1.6113013071183957E-4
-0.006629865081811515
0.0015910279841401254
-0.0020637332897861516
0.0035819468665386767
9.165747548447456E-4
0.0034101068440417492
0.0024319935237621104
0.0012529198264465968
0.0019007008994099683
0.003062775243415694
-0.005235746894229343
-0.001474743506513998
0.0020782674616779406
-0.0026276441529421435
-0.003930573524508096
-4.4980571318253837E-4
0.002060103545520553
-0.003187874528743917
0.003566109946910423
0.0030908510310512227
0.0011682469363508696
-0.0011021250194535037
-0.007284529694045694
-6.346980082110321E-4
0.0037000710503107825
0.0029505595258567663
0.002235514195924826
0.003945425135582159
-0.005335148151631275
0.0032273995936198396
0.0010921060121356074
-0.0032237927349775264
0.0031830502523345627
0.0019290214405444095
6.302077101061343E-5
-0.004987703056007486
0.0011294231005436473
8.074571670005914E-4
6.798029461380084E-4
8.270458799215508E-4
-0.002771868599040106
0.0019791716719519403
-4.076567343255233E-4
0.002104904919253636
0.0024634268482675026
-3.3243670738114517E-4
-0.011687942008968943
0.003512931338748193
-0.002101395783774773
-0.009706813896272148
0.0043174335479782
-0.004628341172245531
-0.0015034811149361449
-0.006128597386209633
-0.014184941554758357
0.004140259564425874
-0.0020136349261176134
0.0044466881982427875
1.313694513030983E-4
0.0036611699857174163
0.002361860033876617
0.002980841325227579
-0.004246710935212117
0.0026856898624895154
-0.008863900406234193
-0.011355972429152317
-0.004073851105286241
0.0038975508905404466
-0.012301559608618673
-0.001986144789213662