-0.016181282616250736
-0.031742506701781914
-0.021083042460156798
-0.004926835931332252
-0.018810867332558656
-0.00502024645249588
-0.006019694190927738
-0.011248311182535775
-0.006878355250322765
-0.011068392033833252
-0.014357478513552735
-0.005397359299179838
-0.021632241054841406
-0.009529960195125198
-0.008382599958269732
-0.013690248474420463
-0.010435497085064527
-0.003791595707549944
-0.009635526073122125
-0.009404889861267529
-0.0029704812093119815
-0.017813763634351054
-0.009327509187993521
-0.00566797197400315
0.004991363078146849
-0.01314065764904282
-0.00437312550033786
-0.017010508947917224
-0.01005806380322205
-0.004466226043854049
-0.010588752790603784
-0.003678402348282539
0.0026059970012772826
0.0027049846320442716
-0.01947814548875615
-0.004670227789745018
0.00768509454402122
0.0011993298606639557
-0.00246366344379112
0.010344397179011922
0.003070013737989652
-0.004395903249606259
-0.00799132788638901
-0.017531556844156193
-0.00811722678579796
0.0019365747328925487
0.009281968285448139
-0.0024898145116910575
-0.019039787703282962
0.0043109780281592736
-0.0031769543299371428
-0.0012523053216482172
-0.006710275544124622
-0.0042149772623713
0.011705651917268578
0.009570919379337739
-1.3677169765702324E-4
-1.6187143316437336E-4
-0.007429383740106377
2.2329792365716195E-4
0.012508394980819904
-0.0012847384910318338
0.0029508197671469505
-0.005996620570249078
-2.697534474447316E-4
-0.026300368142010866
-1.2035892154593775E-5
-0.0021953946406098046
0.00688667132576859
-0.001347483643700631
-0.00495803917826898
-0.003134877817139392
0.007725650656958738
0.0015536748263639266
-0.002403385395465585
-7.559593870420933E-4
0.0033899000505118737
0.00426997235017057
0.00564159219526239
0.003786063093723646
0.0051035741333035345
0.008470539691468049
0.0013553860870826329
-0.01778080528396153
0.005032628112384252
-0.01031482000798345
0.00661638152704902
0.012026138162258837
0.0021280739363428447
0.001494428415535487
-0.02111864046157852
-0.001514585933107826
-0.0037634403506422442
0.0017114130771869185
-0.0015447746126934225
-0.010459712651034514
0.01732533053725005
-0.0024393722618661906
-7.386577209576028E-4
-0.014999891012924094
-0.0030498906047606855
0.007925314532752137
0.017499387492003304
-0.011375684354226201
0.0025089415392993697
-0.006201071114147583
-0.012691508779756
0.008784409223140055
0.0062696565789031045
-0.0012790027214867328
0.00521928845655828
-0.0012577704323393224
-0.007987635886175015
-0.007319570236795414
-0.006780796153953439
-0.009197681629487642
0.0060766131772656
0.001963068440050564
0.007844663572904254
0.007256155321871627
0.010245125272615452
0.013150973150073297
0.0037687075386689806
0.006943725672121648
0.013123316754990233
0.00797233730161151
0.015860859203481348
0.006262749906959075
-0.011907837792706322
0.012286964348628526
-0.0036285706917736915
-0.006893799946868784
-0.006123832033915422
-0.040610265688880154
-0.00794190221117641
-0.004168020015199558
-0.0012651957756669718
-0.0031856666091915065
-0.024938563405873637
-0.01495654787927192
-0.020093604750050287
-0.0012682184942528485
-0.015166381155529152
0.0016983230670507554
0.01323413131407114
-0.006450437268993525
-0.005660349889605287
-0.0076205730044695
-0.010970618231176732
-0.015735059642885463
0.017598526057698738
0.0020360672567375504
0.0035849956494562463
8.73484292877702E-4
-0.021208600356343088
-0.005419845971643911
0.03381497596379446
-0.001769246873412622
0.019880561360493876
0.01955033348359636
9.960333201541882E-4
-6.93076785504898E-4
-0.006036949931147784
2.600106004402303E-4
-0.013051686492836057
-0.0031649775600459673
-8.189903439989044E-4
-0.006758586032799441
-0.014999610803417385
0.002840423709911777
-0.016690225485502252
0.01775444220562905
-0.0053388268932564875
0.0028773653065953253
-0.012426856935956021
-0.07637975850715262
0.01987700120800795
-0.012592974661928547
-0.018503211511109452
-0.018010308594500035
-0.015586331908869488
-0.014834126951924986
-0.004940807665324898
-0.021131882953769887
9.098048371104506E-4
-0.0010879856000128862
-0.01661638678599564
0.019965184811450376
-0.0017829680487349009
-0.004406282230707825
-0.04080949796483946
0.008166201541605744
-0.09832034295010428
0.0015580666915566699
0.0027922206582066122
0.0027696209390918325
0.006587941021714783
-0.0016572131773264775
0.0077226924110707085
0.007714724944989482
0.00855461787993983
0.0072878411574620605
-0.00839376017879856
0.004443683587698977
-0.019525540627705618
0.01081590395448584
0.0038788340876665384
-0.12646451050582752
0.008120883719434202
-0.017026245120890238
-0.012903478017807224
-0.04486045320848031
-0.06838329085764583
-0.00433021117662169
-0.020734419012150007
-0.013383680341177762
-5.89586945507814E-4
0.007749678563378826
-0.014945845841696115
-0.007689450225122796
-0.012572630941801166
-0.010669131947898758
-0.01720221422921675
-0.019312756359580963
-0.020786775107360267
-0.005341977223934591
-0.010020340028931929
-0.012988020049954474
-0.11006706288253143
0.01306260083010835
-0.02541908453448949
0.008950847189609257
4.7151121269095597E-4
0.04471537706157591
-0.014818635314213902
-0.010193767479361626
-0.05793578183456194
-0.0851020288280604
-0.04278972493163147
-0.011699434730177649
-0.011460379496215811
-0.0058115277570260915
0.0036171877604740388
-0.08719304414018103
-0.005451019389233869
-0.021719219836839776
0.0015324904085786129
-0.06568940012631674
-0.004056121977097149
-0.018448700244492966
-0.03446727719207121
0.012745488908192604
-0.09963329991178516
0.03484001040253171
0.0041006405849906
-0.018921757314877774
-0.01960015388244718
0.010192984021324958
1.3514331843655913E-4
-0.01587555614274272
-0.004534043362700579
0.0010571022197649604
-0.0035767113577168663
-0.10297900017441608
-6.561986360547056E-4
-0.005976295990545277
-0.01793217921556889
-0.09944731405906126
-0.01704325015014385
0.018522494174845305
0.04943058688469493
-0.011089557636571823
-0.01813872112489512
0.001175715602830918
-0.008568359362058464
0.018699079377862526
9.438150147825786E-4
-0.03410995005051021
-0.01636879173654704
-0.01675837469385011
-0.06096219329790831
-0.03843780340684577
-8.966594999056943E-4
-0.005479135728828299
-7.852249147455304E-6
-0.008905111876421956
0.0029445407021950754
-0.02351880631758152
0.00531821478498673
-0.03304649564100015
0.01825060413321622
0.007093698815919258
0.00507813025252557
-0.013526707092755053
-0.10826234125370549
-0.02140249120971216
-0.004797305770341986
-0.016432874663848462
-0.08158301281312574
-0.00822556662034557
-0.09530337515813692
-0.010954292785654407
0.01601466811475527
0.009664375234957001
0.0011108180183061478
-0.013509408183065785
-0.0168264864275125
0.007140047680931905
0.02108349816264543
-0.042864064397580504
0.005992708049077589
0.006810733485845044
-0.051827847407440064
-0.011302670081154154
0.05432616665635659
-0.03038097391264638
-0.009623121481079133
-0.00871314083662822
0.008006406682577127
-0.009259672254246842
0.0015574689874626735
0.0027934519152089665
-0.010796298348011435
0.007391291363216368
-0.029925259830595574
0.0019135423935862095
-0.005430169727596912
-0.024534744604600256
-0.003278960475162185
-0.004611995169059635
0.00705083853439914
-0.012524717705660438
0.003916947300569462
0.008727907224387765
0.009610949449194939
-0.00935463995878072
-0.027802382899015377
-0.032630358070017684
-0.02477142967729906
-0.05365825599283536
0.013368552234514386
-0.009940586949734098
-0.02399455409881668
-0.014195046041466375
0.012585477406055312
-0.011793778974446667
0.010587177520270163
0.008186577497270253
3.0875522516238263E-4
0.008667829892723744
-0.006703843821246114
-3.849375430331481E-5
0.019680555450262815
-0.003042789893988207
-0.0240553956424987
-0.03815748096442606
-0.016840061249941196
-0.06497660112323811
-0.014116382548736595
-0.004974341042534358
-0.009377604033973808
-0.008757636121020318
0.00634484513447886
-0.011727940321333952
0.013814046643283562
2.1102593576471929E-4
0.010355848543909696
0.007202920837011462
-0.032545662812668796
0.0440208004070991
0.005604296049950608
0.014845709049219336
-0.03736876955416302
0.00863817757322105
-0.008910781903725185
-0.003981977331311226
-0.0716769876817922
-0.03288449234938262
-0.03345492942033512
-0.0330605739645512
0.003082429393056807
0.01628495253669371
0.0029383357453248715
0.015181906366179776
-0.00955458090560124
-0.01624016506532966
0.003485622337108807
-0.004335008175462729
-0.01663326651570407
-2.8124344028246373E-4
0.029876528986704898
-0.006536702247800674
0.005886851023143125
0.03177949590339613
-0.0555241058016861
-0.0071625876649549225
0.014409610841949472
-0.004135346642472393
0.016328768456978615
0.0180711634139592
0.02076929123179372
-0.007739743895862072
0.01153061357867391
-4.721966674277045E-4
-0.07702210660969488
0.004534443581298175
0.009243214048545889
0.008407162250242628
-0.00296209680860382
-0.009237167730064999
-0.0017355281868303152
-0.0020044474511642374
-0.002733260323154907
0.02326934074137299
-0.05102900054633608
-0.010784915528293637
-0.015215999867072671
0.005398172122194733
-0.008340345929928827
-0.01315462103853915
-0.07197949617014943
0.005963565080094213
-0.06746269556967033
-0.0064505736507251
-0.017080033856111565
0.007097587755670265
-0.002677005617683137
-0.0010391789136542373
8.708535159860364E-4
-0.005893082878981382
0.006582910101917694
0.020863997791747746
0.01828666813499591
-0.04020546602923303
0.00494772809164945
-0.027500312754960232
-0.0030767765693839877
-0.031191546641582524
0.023238323838829733
0.02315154979469658
0.019947331311359617
0.022437453798732854
-0.040617265082932064
-0.0011718076083455653
0.014797916675274303
0.010778227577690092
0.0014152914931642169
-0.011724299841766261
-0.028180791467417254
0.004610647667553258
0.002772986671967015
0.010158489043148311
-0.07092572817282661
0.026396007457536452
-0.07514052925120185
3.527417877524641E-4
0.014961036725011811
0.018972345932231294
0.008152642427623813
-0.03527727287133264
-0.04175608842166767
-0.011753767769983936
-0.04202929352047169
0.0037614728836771194
0.0015381030792499528
0.011662748658436972
-0.022837153578909142
0.005467155634867105
0.002940127908247603
0.025117058953083027
0.0030951499874070088
-0.017381908901490606
0.03414720254958126
-0.005342258593054927
0.0018598014094972637
-0.0067156049401251305
0.02273901323599814
0.010406409571176334
-0.04840387090723708
0.0012326093323292708
-0.003137063682706498
-0.04704837221721947
0.005974487886484137
0.004043672640033691
0.011102135147753711
-0.030687311917971916
0.0043685214619310075
-0.022417239540262646
0.0201902460363218
0.01481897428531942
-0.004638970474161841
0.0011305830744392509
0.008010054678391665
0.030330655374097848
0.00468136991500645
0.02344954262943577
-0.0028775212860383537
-2.0335555897199598E-5
0.011678900388185975
-0.00418932116854509
0.03202133514961536
0.027613308710028872
0.026978827163758767
-0.0018448679501072984
0.012844853577117399
0.010193425576169757
-0.024716950251096104
-0.006226302310563092
0.013221441710541293
0.0039896083955750505
-1.741830699626412E-4
0.013365842657575788
0.011717152272958331
0.021241261078470464
-5.220577999662801E-4
0.0023733932370613164
0.026203224255618385
0.011603533482508532
-0.028917236602803875
0.028001953177322347
0.03156439899472396
0.004699681932204602
0.004644647476622743
0.03593142494985735
-0.005000114217948215
0.020677002059461214
0.012293015146666475
7.951410113183899E-4
0.01739177020407201
0.011607269224202299
0.002617477745550878
-0.07559941568696638
-0.045955857389445964
-0.006010091018082142
-0.004751421994651617
-0.023506412821001188
0.013275113098701663
-0.01319403754968207
0.021774890512923917
-0.06226471112722154
0.018459731707950566
0.019764569725937764
0.01672703832798994
0.020750066566418424
0.0018416378993212357
0.0076723900650294
1.6760298551388164E-4
0.010209051092767596
0.008826398915756872
0.014916192334477052
0.012787523401578627
0.008767506724374097
0.042526753394316774
0.009152572445247475
-0.049218861086400834
0.012579162344728556
0.022164206205719572
0.009528520680224362
0.013218403309959381
0.019386375298493297
0.004375465610048868
0.026280409624697132
0.013963914726045745
0.01631686213108685
0.028780907183150184
0.017980134918188506
0.029098869869288224
0.007378357802422353
0.02996077212743309
0.032301946866538644
0.017661027984140154
0.04629626671021392
0.020060106844041803
0.024974253105770727
0.0019324579852972867
0.0029119935237621464
-0.012055380543370742
0.04908657475484479
0.03698942647549186
0.028122125471256032
-0.01793929910059
0.032032775243415745
0.012482355847057813
0.03325525649348604
0.03839547030595436
0.027766109946910422
0.03606085103105128
0.029095301991789002
0.025700194286817468
0.04952787498054645
0.018222919826446637
0.019848267461677893
0.04434010354552054
0.018820071050310805
0.03861485184836866
0.055975514195924836
0.03141542513558215
0.0414382469363509
0.0654721060121356
0.05274229694399257
0.04590745716700051
0.04140942310054363
0.05164980294613797
0.044122343265674435
0.005777399593619892
0.022063020771010633
0.037646207265022436
0.015043426848267427
0.0336805595258568
0.06330813140095992
0.054039171671951935
0.05807305025233456
0.041927045879921576
-0.02875097855945552
3.9756329261886325E-4
0.05294205799103102
0.05381490491925367
-0.011061395783774741
0.0302729313387482
0.05692318610372782
0.0619865188850639
0.08928636507388243
0.07658165882775447
0.09200668819824287
0.08006025956442586
0.02916084132522756
0.07749116998571748
0.09003743354797822
0.07679505844524159
0.08379328906478789
0.09248136945130314
0.05149140261379037
0.050756148894713804
0.09383186003387656
0.06436568986248958
0.06928844039138138
0.08588385521078634
0.08500609959376582
0.04963755089054045
0.07408402757084764