-0.0023655618910770615
-0.010774766850537243
-0.012361484021092828
-0.01768466384919387
-0.0036169023772999465
-0.01244901205623028
-0.01333348130366252
-0.015289356934364728
-0.010237863269602188
-0.014351670467180333
-0.008472879241970599
-0.011699511583712519
-0.004905594544263869
-0.0073374294349011215
-0.005694281090554809
-0.013373320377217945
-0.013223805611179196
-0.011662777963372672
-0.00786299831681192
-0.009399689012852597
-0.00956248169487739
-0.008592466947296318
-0.007341653510951951
-0.00950842526518414
-0.00947093651891684
0.004968895179371935
-0.005417044392518444
-0.008533770815363328
-0.005617568865505351
-0.004477506981253376
-0.020131652500938624
9.46497614965347E-4
-0.01131246092235294
0.0010471827119321597
-0.007934012358464138
-0.015021193842703062
-0.008719258086007708
-0.004679636301961887
-0.015549429059614317
-0.00676134269333073
0.00394989490358888
-0.01690948302298756
-0.0017422643297547724
-0.008713274886873679
6.468896325605433E-4
-0.01689734189441261
-0.0037532742665273844
0.01110646118349079
0.004618687052921233
0.0016147339748124878
-0.014817650705321594
6.431789644462116E-4
0.011884371875785726
-0.009120639735839431
-1.632611988691135E-4
-0.006913074960795296
-0.005314265337453716
0.00690798187651287
5.76195037763072E-4
-0.010350801615895522
0.0021896458207140146
-0.0026158223016905513
0.0019826691161534127
-0.0012450338866714095
0.0068679247867691195
0.0028033942046837845
-0.002649559656875078
-0.003995141162691729
0.0020153403345312126
0.003877553519714083
0.009119686754609946
0.006420763199159962
0.003114928161084385
0.012933892004852288
0.004411566744653483
0.005958490513221504
-6.25544210922313E-4
0.003639728221942473
-0.0013377152935065695
0.00938440045541955
-0.007230639530625194
0.011382362129163548
-0.009948118955504959
0.00904624250738817
9.434268654868738E-4
-0.001288221005725787
0.010278191060520525
0.015923367849606684
-0.006571781423759027
0.009760365106321722
-0.008796969470957317
0.009703800414954333
0.009312481069321588
0.0029053139057699795
-0.002231082575205212
0.002770407041184697
4.143814588563055E-4
0.004593796750924528
0.006578517148695617
-2.626444733688782E-5
0.0034375757621313285
0.005088281103544978
0.0038387555799166417
0.011363554201112569
0.008179521458984707
0.012659949242529112
6.13993250403233E-4
0.0012013686328379292
0.0028760789928443664
0.002664351583619773
0.002948027010946541
-0.00842212849798063
0.005599940539120052
0.004643218524030268
-0.011914203716289595
9.121604483338652E-4
0.010792851886503363
0.004101448737099833
0.0025724225486851715
-0.00590074215865144
-0.003634944180570643
0.005892225857689115
0.007965233393603888
0.0037029997794958414
0.016051261121924232
0.007178928937306872
0.008642660336732888
0.004855911096801058
0.008714756471692953
0.01645394629776742
-0.007769855929498859
-0.006137060995352606
-0.00596023258429601
-0.007616798143279535
-0.003608784137367871
-2.073598877545546E-4
-0.0031870992371642037
-0.004412624216392991
-0.005209220398851189
0.028469364043249068
-0.004634232150555695
-0.0017343739511996858
0.0017917165109165856
-0.010591728714828386
-0.001634973440702736
-0.0024592364673465816
-0.00146240570347278
0.0014566163870693982
-0.007429058488990448
0.0016035666801010873
-0.012460731670322245
-0.007354526923924132
0.0013275780824846262
-0.005416912028135212
0.02959607093516181
9.715415420202822E-4
-0.004502616285924854
-0.0023275440772826395
-0.005386845355536352
-0.005665489068058416
0.03312456650055573
-0.004560904551018319
1.1252551575013925E-4
0.0011410802853690782
0.01914215143122977
0.01896102054556137
0.0041527569413990495
-0.007890126322034785
0.0027323028621804024
-4.957526589758343E-4
0.036043215462310596
0.0027714924119944806
0.0018979942567749486
-0.010988729001429332
0.0023535370502846265
-0.00439164716044016
-0.001186911617819142
-0.0014468215308263144
-0.005063550116253479
-0.0033942562735543857
-0.014276562636419188
-0.0014508736044385184
0.0020225693313236093
-0.010084518927992892
-0.013647078523030487
-0.004827421561598322
0.00294234185917297
-0.016382214824771202
0.005120861886617201
0.005215145593949533
-0.013292295300679657
0.007962790743078707
-0.0014953071386459849
0.006621047409502201
-0.027094179445424138
0.006489688678221639
-0.009687688885641754
0.03855714377158359
-0.011217450484498626
-0.001227049952209791
-0.01384608334382853
0.006454753266562863
0.0012759093085847883
-0.006641736159591405
0.003741062089350211
-0.007682025910743628
-0.005528527005796202
-0.012554565331213463
0.006065797256766703
-0.031065804790477713
-0.008164177556856056
-0.018420477730379026
-0.010807985540479459
-0.004167103686966822
0.0030229812387030375
0.0013279793408884633
-0.014692086221127831
-0.007214604575387029
-0.004910164080421442
-0.00393172266380315
-0.014192222458617398
-0.008819353491183457
-0.010171191915384514
-0.004146179253485149
-0.012480150852425487
-0.008209447368104583
-0.0044681402582588126
-0.037326903090110886
-0.034533988225818435
-8.74758828313893E-4
-0.09399635771913839
-0.015419305350266033
-0.016544006757166052
-0.010483998889592394
-0.013717647537011213
0.005774541937022981
0.008516324619622373
-0.08665916289829456
-0.003629665055098874
-0.0098825318534006
0.008973164050619875
-0.0017673300532519143
-0.0014898991910199388
-0.0019333928544659207
-0.004184784166957667
-0.0013117433287661573
-0.02213171712144224
-0.007862230248655955
-0.006931546731068217
-0.007704666993349485
-0.0035402495056825467
-0.0024204392310791523
-0.009329196490471592
0.001760099734481213
-0.03278388540488053
-0.007040442136173386
-0.001104507316056269
-0.09828023797029106
-0.006852285048773554
0.0036736611676103648
-0.005449562838065858
-0.06766156541759882
-0.008808543301815464
1.2201861243144041E-4
-0.03438208279129551
-0.0011760613538016607
-0.11647704841760786
-0.1092615104610849
-0.0023689727472128164
-0.0012737550555517174
-0.1008545561957459
5.339604439148493E-4
-0.008913485217620698
0.0013777474896801145
-0.08431267199836712
-0.012126487937169972
-0.006335771630944453
-4.6750115453519925E-4
-6.863491093013208E-4
0.0013222698394481647
-0.0911285392845077
-0.005902985103115599
-0.0109663658331971
0.015544666388094375
-0.005811533073141861
-0.015160737618988951
-0.08641430813485973
0.011607825472873756
-0.009075680439190492
-1.3744700359674678E-4
-0.006919459429236219
0.006796827630577984
-0.007737878456992364
-4.1839170033952655E-4
0.0024853759772587303
-0.06034513109684314
0.005164147443938449
0.018319846905646364
0.004119856329711791
0.017712824024302187
0.008715171882693329
0.002723131805560386
-0.021200255207457497
-0.007118678830004721
6.686184680256835E-4
-0.05027500414961883
-0.002944711425047375
0.012822143441144074
-0.07939680723796017
-0.024402690281718042
-8.199198110226957E-4
0.005045953270774395
5.250870681056119E-4
-0.003968818146588449
-0.02414013975674245
0.0016566525369104967
0.013554496898468882
0.006364384473957152
-0.08155372553043305
-0.008765551735342991
0.008542957773016835
-0.0019318854606619196
-0.007775920927469371
0.02188636735776517
-0.00718230284594934
-0.0010688894981034647
-0.010532091413556377
-0.008353564656933377
0.022643185777424746
-0.05468297439834502
-0.050432562244816403
-0.02382769328441159
-9.271961379441196E-4
0.002309251964388137
-0.0013717227275183985
-0.016756830565847425
-0.009524702775573601
-0.04789448421103093
0.001864852095247893
-0.00662424333101419
-0.006287610252223241
-0.005566827555541498
0.013744117683198276
-0.006206002820513534
0.0013859911310751816
-0.008012050646642455
0.00246894260478292
-0.0028176107592639
-0.0091593070180227
-0.005130689432591207
-0.0019004428984344957
-0.010364483928577584
-0.004609949282018078
-0.051139993693828156
0.002473493486008782
-0.00404208058410116
-2.8435269047155654E-4
0.0028188888177248517
-0.002805883877804005
-0.047966350843694494
0.011510875828065426
0.026681186106250254
-0.013227573790792091
0.015385149365809148
-0.008982693007238196
0.01154979819888613
-0.01869333614612101
0.012370217200125988
-0.0027294314142909393
0.015306180069247444
8.996308665741859E-4
-5.064696650813882E-4
0.002439255293521736
-0.0012576552300103128
-0.0749971566241141
0.014823919521434359
-0.01423104335885561
-0.008160898550402473
-0.040227655177977106
0.0029475222637191933
-0.0046484930911540046
0.014389078341062733
-0.005105548004139315
7.243331510945472E-4
-0.01973629898016438
-0.04794518556317606
-0.04215509923845784
-0.0075301899980101394
0.009142726837296777
-0.004158948773898996
0.007180434371140021
0.0164726525787523
-0.04112349089413103
0.014436988988509203
0.011113656861689303
-0.00581822896403561
-5.243327766463191E-4
0.0024057420991783207
-0.06692909966703209
-7.930839188269312E-4
-0.05680019685448623
0.006548839060660172
-0.007757005494017366
0.011706893202614754
-0.03036907881783224
0.01497042150320771
0.017635546442892447
-0.00459267470305158
0.013755338168360609
-9.85418759721357E-4
0.013623530819905527
-0.007199828910985251
-0.009261714208634864
0.030123671070885982
-0.0034920260652410162
0.012362518312091675
-0.047636990042554506
-0.0033297903969202736
0.0020046036829314273
-0.007703009592725629
0.01560548818681573
-0.0018612480225483896
-0.003436417548914883
-0.0011993505209155764
-0.0011058176673081066
0.0015547225422866129
-0.0014886391450000813
-0.04952450692890176
0.022456252158152945
0.023556434115055258
-0.005813398692070426
0.006314751605248636
0.022903923168309137
-0.002591100135713731
-0.005016037350191294
-0.0060903474523748
0.020556337863169127
-5.321080997271466E-4
0.009447988843379163
-0.0048370123432133205
0.0010375883494436744
-0.03738363648281362
-0.0717230323840089
3.337570533102907E-4
-0.014306932071969758
0.002572468549333795
-0.07217430081089793
0.011314908778396138
0.004612866394769766
0.0070475196107264715
-5.064176882406679E-4
-8.18037523941939E-6
0.0035063714875727126
0.0060318396344579694
-0.017853222270257985
-0.0019463842520923702
-0.0031091330711554566
-7.182181462207504E-4
-0.012913899013818342
-0.04830197464779251
-0.026730534754635826
-0.011246583137840327
0.006136484816529619
0.021980674227989105
-0.004104325786083662
1.06026217294386E-4
-0.008074119770814847
0.019121819374424365
0.0021311549002555052
0.02527023342854351
-0.028648161231274116
-6.692102094105756E-4
0.0036719665332726192
-0.027343938900503684
0.014524688397556385
8.617297948576574E-5
1.249325066472462E-4
-0.033062917603786546
0.0012017960044186093
-0.0015046077561344795
-0.0068854157342203015
-0.052995982053380186
0.009911845228443905
-0.006190240756736798
-9.117022255691332E-4
0.009526364965388168
-0.0029656294041452425
-0.002720970727918992
-0.006848752089378185
-0.005041975807187682
0.004719012295576808
0.010583227764999092
-0.023922840481970353
-1.5134164027419406E-4
0.009751744267002649
0.01255664662966105
-0.0015816576311014074
0.01650731976582165
-0.001794604722449522
-0.01915890069255166
0.011453159555622539
-0.0016447252352302932
-0.0015935955510756328
-8.309666352224188E-5
3.2137219758798796E-4
0.0024030126613914238
0.011015150955337893
0.010308515644836369
3.4806734571057873E-4
0.009963939054496773
-0.03033781930276902
0.002919883669977974
-0.03979063471729305
-0.015942118417198503
-0.023102402937730693
0.001339546874762898
-0.018442037856022275
-8.907456821144466E-4
0.013737060570719106
8.201187700113133E-4
0.0140556125773047
-0.027378358206262887
0.005836096376554134
0.006786317673482145
0.0011542915223419214
-0.007272436570449847
0.0019613480185232124
0.003950296410218601
-0.038292541163239435
0.004579651958480868
0.028841826282122174
-0.013316080997955337
0.034042514360067666
0.00772411309073584
-0.022945428134768964
0.007167909637426084
-0.011968907970312359
3.5355849070417555E-4
0.015354105890962755
0.03169941377253038
0.013500961691573887
0.010160746298888412
0.012455497466164256
0.012221424469613273
0.012048515834958362
-0.00557091466915538
-0.034383341679779744
0.017324865500218944
0.011354928920759066
0.01634289227169583
0.012741232575087191
0.012428672421047726
0.01658377952541923
0.00828893320612234
0.036798258577776743
-0.005830087337819867
0.00881017969839093
-0.007587823492142043
0.015145689112117222
0.019641922943128054
0.014405490990375358
-0.031298499986059825
0.019017271596297514
-0.00959569992966347
0.032501243692164894
0.04453887135510637
0.01547669479906466
0.005034779839759973
0.0190558233105923
0.021596904043947762
-0.04424302832600813
0.030366576235799636
-0.01781535687278224
0.014036209604126326
0.031323496816690444
-0.01088303066146079
0.020022913880977766
0.031648768551406525
0.04989986983503225
-0.045895852360204215
-0.04981951488453906
-0.018090533784001717
0.022635226016364918
-0.04425797004961762
0.025289980307220628
0.023725962940417955
0.0191878134218757
0.03994699761938725
0.05654603582288775
0.05680194098382929
0.02389245707302312
0.011040131380624096
0.04375656166711339
0.017979019626242154
0.031242963912743726
0.006692500657822786
0.033616228404347304
0.05948853244047492
0.049336482897088696
0.03326041964591919
0.008838190750051989
0.06667735449177392
0.03643726058573238
0.010767853004384098
0.04860039032917207
0.05263170174872833
0.03498379490868375
0.051771976793333785
0.052326292887054926
0.04899780412624144
0.031433595254890645
-0.04489728037522345
0.018201159543612455
0.024108292426238576
0.0652634308752793
0.027927784127761535
0.04411763916700706
0.07999424735529859
0.033153383307359396
0.05778227021370941
0.057850005800092696
0.041128330786646794
0.09110850286504013
0.09080530107518403
0.07651102730252135
0.04527892331161687
0.07008192315338824
0.047880177587948936
0.058655388026408795
0.07261311994335162
0.09862836665406427
0.06920351197707775
0.06235575832041662
0.08344152227177937
0.066116019185815
0.07706152372814556
0.1025680282088196
-7.820986855944234E-4
0.009852084610694978
0.08841495349585882