-0.01525128261625075
-0.016522506701781903
-0.01785304246015673
-0.01628683593133229
-0.018670867332558627
-0.017270246452495863
-0.01620969419092777
-0.006748311182535716
-0.005008355250322727
-0.020258392033833172
-0.0025874785135526768
-0.0032473592991798528
-0.008652241054841414
-0.004589960195125142
-0.013132599958269764
-0.003180248474420444
-0.020745497085064568
-0.01093159570754998
-0.004795526073122169
-0.007204889861267549
-0.011350481209311925
-0.011983763634351052
-0.010287509187993482
-0.0033579719740031155
-0.00999863692185321
-0.0023806576490428277
-0.00712312550033789
-0.015150508947917252
-0.005878063803222089
-0.0027862260438540343
-0.0022687527906037896
-0.007248402348282501
-0.010734002998722736
-0.007125015367955734
-0.002898145488756221
-0.004810227789745047
-0.013444905455978762
-0.002300670139335992
-0.012723663443791056
-0.0022856028209881085
-0.0022299862620103195
0.0060740967503938315
-0.0014213278863890455
0.007718443155843802
-0.01017722678579791
-0.009933425267107499
-0.010428031714551866
-0.001579814511691091
-0.010039787703282954
-9.490219718407689E-4
0.005563045670062938
-0.010012305321648207
0.007479724455875303
-0.00313497726237133
0.006365651917268567
0.0060909193793377
-1.3677169765702324E-4
-0.0025918714331643056
-0.007309383740106368
0.008193297923657195
0.006968394980819914
-0.003114738491031832
0.002520819767146909
-0.015156620570249135
5.102465525552713E-4
-0.002910368142010844
0.001247964107845334
-0.0019453946406098321
0.010196671325768625
-0.010487483643700668
0.003001960821731098
4.5512218286059003E-4
0.007205650656958662
0.004893674826363936
0.0029566146045344466
0.00430404061295786
0.012399900050511836
0.0013899723501705763
-6.884078047376674E-4
4.16063093723662E-4
-9.164258666964908E-4
-1.794603085319979E-4
0.004105386087082663
-0.010600805283961567
-0.0019973718876158397
-0.0024348200079834514
-0.0059436184729509955
0.0027361381622588166
0.0017680739363428177
0.0016244284155354505
-0.008128640461578573
0.009105414066892137
-0.00699344035064231
0.013391413077186942
9.252253873065497E-4
0.0017902873489654691
0.004625330537250005
4.4062773813380307E-4
0.0027013422790423958
0.004190108987075947
-0.0035698906047606505
5.353145327521291E-4
-0.008350612507996735
0.013924315645773788
0.006248941539299335
0.008518928885852484
0.001958491220244052
0.01435440922314013
-6.703434210968418E-4
0.004110997278513273
6.492884565583168E-4
0.0029122295676606846
0.011262364113824974
-6.595702367954148E-4
-0.006360796153953352
-4.6768162948762626E-4
0.005926613177265616
0.003213068440050537
0.004064663572904248
0.0027161553218716383
0.0014251252726154018
0.009390973150073312
0.024268707538669054
0.008253725672121681
0.023633316754990252
0.021852337301611513
0.013720859203481317
0.02479274990695912
4.321622072936959E-4
0.007496964348628565
-0.0041685706917736765
1.4620005313115136E-4
-0.002023832033915429
-0.003650265688880161
-0.005421902211176444
-0.002158020015199602
0.0015848042243330474
-5.956666091915253E-4
-0.002548563405873727
-0.004536547879271935
-0.0019036047500502473
-0.0020682184942528714
-0.0071663811555291446
0.0014783230670507574
3.5413131407113774E-4
0.004319562731006532
-0.0010603498896052388
-0.0020205730044695613
-0.0011606182311767466
-0.0025550596428854933
0.031058526057698765
-0.0034139327432625155
-5.550043505437863E-4
-0.009136515707122261
-0.006348600356343104
-6.698459716438787E-4
0.0028749759637944905
0.0015907531265874075
0.034140561360493926
0.033700333483596356
-0.007123966679845828
-0.007023076785504845
-0.006656949931147738
-4.999893995597526E-4
-0.0011216864928360604
0.023745022439954022
-0.005968990343998892
0.0016714139672004968
-9.896108034174178E-4
-0.005559576290088186
-0.0039002254855022844
-0.004735557794370959
0.002311173106743558
-0.0027926346934047386
-0.0036168569359560365
-0.004989758507152664
-0.00591299879199203
-0.003062974661928508
-0.004033211511109469
0.004979691405500031
9.366809113053876E-5
0.0036658730480749746
-0.0024908076653249456
-0.0017118829537698943
4.798048371104091E-4
0.0035120143999870512
-0.0028263867859956715
0.0036751848114503494
0.008227031951265062
-0.005736282230707768
-0.010599497964839388
0.009396201541605809
-0.0045803429501042325
-2.1193330844337943E-4
-0.0036577793417933435
0.0027696209390918325
0.00692794102171479
0.00412278682267353
0.006452692411070715
0.007154724944989477
0.00739461787993978
-0.0034921588425379513
-0.009213760178798491
0.008963683587698945
-0.01160554062770558
-0.005874096045514143
0.0076888340876666295
-0.013364510505827543
-0.007919116280565741
-0.00955624512089015
-0.008163478017807146
-0.017690453208480283
-0.010283290857645788
-0.00547021117662172
-0.003794419012150052
-9.136803411777805E-4
-0.0011395869455077534
-0.009480321436621142
-0.0012158458416960949
-0.0012094502251227546
-0.009142630941801233
-0.0023291319478987438
-0.0055622142292167664
-0.002442756359580911
-0.007966775107360324
-0.006881977223934577
-0.010750340028931937
-0.0020480200499545242
-0.011247062882531411
0.009992600830108334
-0.010569084534489459
-0.00792915281039075
-0.004218488787309127
0.010785377061575896
-3.863531421388622E-5
-0.003553767479361536
-0.010575781834561981
0.0011479711719396546
-0.0075897249316314586
-0.012319434730177603
-0.011940379496215847
-0.004881527757025994
-0.007162812239525973
-0.009743044140181012
0.0012889806107662105
-0.010139219836839852
-4.5750959142143444E-4
-0.0058294001263168305
-2.2612197709714899E-4
-0.006908700244492971
-0.004607277192071213
-0.003404511091807394
-0.0026432999117851352
0.01095001040253163
-0.006609359415009397
-3.175731487781164E-5
-0.007170153882447239
0.01219298402132496
-3.1485668156350233E-4
-0.0053655561427427
-0.0034340433627005895
4.47102219764961E-4
-0.014696711357716885
-0.0043290001744160644
-0.001586198636054803
-0.012466295990545273
-0.001782179215568891
-0.0037073140590613285
-0.006343250150143809
0.01749249417484533
0.016970586884694883
-0.0057095576365717715
-0.010768721124895131
-0.00890428439716906
2.1640637941522378E-5
0.005359079377862508
-0.003966184985217391
-0.012169950050510248
-0.006648791736547088
-0.007378374693850054
-0.0014121932979083152
-0.002677803406845758
0.00247334050009429
-0.0021191357288282697
0.0061021477508526045
-0.01017511187642195
-0.005025459297804957
0.002641193682418441
-0.0018917852150133196
-0.0021064956410000724
0.003110604133216177
0.010853698815919244
-0.002881869747474508
0.0033932929072449936
-0.0016523412537053916
-0.013482491209712122
-0.0015573057703419657
-0.021242874663848443
0.0058569871868743295
-0.0024955666203455573
-0.0011833751581369345
-0.0024842927856544295
0.0028446681147552555
0.004894375234956949
-0.004409181981693822
-0.002839408183065717
8.235135724874443E-4
-0.0841199523190681
0.006543498162645434
-0.02753406439758055
0.006262708049077581
-0.10291926651415495
-0.005177847407440095
-0.10875267008115419
0.004866166656356641
-0.001740973912646382
-0.015313121481079106
0.0066168591633718465
0.0066264066825770795
0.006360327745753125
0.008927468987462661
-0.0055665480847910676
0.00787370165198853
-0.07576870863678364
-0.003785259830595633
0.00615354239358612
-0.09075016972759686
0.004145255395399783
-0.07985896047516217
-0.07306199516905953
0.008900838534399158
-0.021814717705660458
-0.05543305269943044
0.009257907224387796
0.004480949449194971
0.00883536004121932
-0.023702382899015384
-0.023520358070017733
-0.004671429677299055
-0.07539825599283534
-0.0017114477654855964
-0.08192058694973414
0.005945445901183288
-0.09218504604146638
-0.05458452259394464
0.001596221025553346
0.01658717752027017
0.014336577497270353
-0.01471124477483765
0.009837829892723748
-0.07642384382124612
-0.017858493754303373
0.00337055545026288
0.0025772101060117514
0.0010246043575012909
-0.013837480964426052
-0.07859006124994128
-0.01724660112323806
0.013613617451263438
-0.06660434104253443
-0.019857604033973852
-0.05846763612102035
0.012124845134478868
-0.05735794032133401
0.009274046643283573
-0.014928974064235323
-0.06488415145609028
0.0189529208370115
-0.025145662812668723
-0.0029191995929008785
0.015254296049950544
-0.056884290950780625
-0.023838769554162975
-0.035521822426778926
-0.025780781903725125
-0.026841977331311218
0.014433012318207705
-0.0045444923493825895
-0.07579492942033517
-0.016590573964551214
-0.008227570606943124
0.01995495253669366
0.018728335745324842
-0.07638809363382026
0.004585419094398802
-0.016050165065329747
0.0158556223371088
-0.050695008175462686
-0.024133266515704133
0.0161687565597175
0.02030652898670493
-0.07535670224780067
0.017296851023143156
-0.0742805040966038
-0.0494241058016861
-0.07672258766495488
-0.08361038915805052
-0.023125346642472344
0.005088768456978587
0.0015311634139592023
-0.019060708768206314
-0.021699743895862045
-0.02352938642132607
-0.007472196667427711
0.018787893390305177
-0.016605556418701872
0.01900321404854588
-0.09126283774975741
-0.019552096808603814
-0.016927167730064974
-0.0027255281868303616
-0.08719444745116423
0.01842673967684505
0.005039340741373022
0.002060999453664003
-0.018354915528293603
-0.005825999867072662
-0.022991827877805293
0.02251965407007117
-0.024184621038539134
-0.024029496170149378
-0.0022464349199057265
-0.004282695569670314
-0.010310573650725074
-0.02330003385611157
0.019917587755670207
-0.022907005617683107
-0.09458917891365426
0.018120853515986135
-0.0036630828789814274
-0.030497089898082308
0.007393997791747764
-0.03003333186500401
-0.00712546602923303
0.009317728091649435
0.009139687245039774
-0.028566776569384
0.005698453358417455
-0.02890167616117023
-0.0030484502053034213
0.02001733131135952
-0.010262546201267098
0.02468273491706796
-0.012571807608345531
0.00853791667527426
0.009088227577690122
0.011695291493164284
-0.003934299841766298
-0.005840791467417228
-0.022589352332446744
-0.0010570133280329852
0.008268489043148364
-0.0021757281728266298
-0.04126399254246349
-0.005640529251201842
-0.0017772582122475011
0.02156103672501175
0.007792345932231215
-4.1735757237615356E-4
0.011372727128667326
-0.003096088421667753
0.009976232230016091
-0.001459293520471694
0.0010914728836771692
-0.03096189692075002
-0.004397251341562991
0.005342846421090841
0.002547155634867182
-0.021739872091752432
-0.04481294104691702
-0.023694850012592972
-6.419089014906287E-4
0.026397202549581222
-0.010852258593054942
-0.05111019859050281
-0.0037856049401251424
-0.010640986764001825
0.01860640957117632
-0.041833870907237
0.0029726093323293457
3.629363172935607E-4
-0.02294837221721946
0.0022644878864841456
-4.632735996634718E-5
0.0014921351477537037
-0.009787311917971886
-0.017311478538069025
0.010462760459737375
-0.003059753963678191
-0.0016910257146806051
0.0015610295258381424
0.0024605830744391932
-0.0024199453216082745
0.0025206553740978466
-0.016858630084993553
-0.009620457370564273
-9.752128603834898E-5
-0.0016603355558972854
-0.0012010996118140271
-0.002819321168545108
2.9133514961543483E-4
0.004673308710028912
-0.0030211728362412593
1.1513204989277437E-4
0.001644853577117411
8.634255761698073E-4
-0.0043669502510961244
-0.02329630231056312
7.714417105412208E-4
-0.03894039160442497
-0.0038041830699625523
0.0011058426575757396
8.071522729583558E-4
0.008491261078470425
0.017847942200033717
0.004813393237061314
-0.023136775744381666
-0.00394646651749142
-0.019757236602803818
-0.019838046822677646
0.016494398994724047
-0.009700318067795366
-2.4535252337731794E-4
0.010681424949857354
0.0020998857820517802
0.01661700205946115
0.006143015146666486
-0.0016148589886816334
0.008091770204072035
0.016637269224202278
0.0011074777455508666
0.0025405843130336114
-0.0023058573894459977
-4.300910180821127E-4
-0.023871421994651643
-0.017996412821001173
-0.03908488690129841
0.01819596245031796
0.01813489051292394
-0.026834711127221578
-0.02034026829204938
-0.021625430274062274
0.012697038327989962
-0.0323499334335815
0.015171637899321189
-0.021787609934970642
0.020627602985513915
-0.021230948907232428
-0.0012336010842430856
0.01969619233447706
-0.022192476598421385
-0.03115249327562586
0.022726753394316845
-0.019817427554752576
-0.02916886108640082
-0.02343083765527143
-0.022135793794280434
0.014058520680224396
0.01569840330995942
0.015586375298493271
0.005425465610048863
0.01866040962469706
-0.019526085273954275
0.02812686213108684
0.02203090718315015
0.030490134918188527
0.021118869869288237
0.012758357802422293
0.022820772127433164
0.02312194686653868
0.02354102798414015
0.025306266710213854
0.02185010684404176
0.03396425310577067
0.022812457985297296
0.020061993523762145
0.022834619456629235
0.02386657475484477
0.02645942647549182
0.031792125471256094
0.026640700899409953
0.032542775243415756
0.03233235584705785
0.032385256493486
0.020655470305954382
0.028246109946910347
0.03810085103105121
0.04043530199178902
0.027830194286817433
0.034727874980546525
0.025342919826446653
0.028068267461677898
0.03023010354552058
0.031570071050310844
0.04328485184836872
0.037905514195924805
0.03385542513558215
0.03227824693635084
0.043052106012135605
0.047022296943992514
0.04431745716700053
0.04720942310054366
0.043189802946138056
0.0480823432656744
0.0353673995936199
0.04633302077101065
0.045406207265022425
0.048653426848267456
0.03749055952585678
0.05116813140095988
0.04501917167195191
0.04333305025233447
0.047057045879921544
0.04034902144054442
0.05435756329261887
0.060202057991030955
0.05011490491925363
0.057378604216225315
0.05616293133874817
0.06555318610372785
0.06888651888506392
0.07466636507388236
0.0662816588277545
0.07334668819824286
0.07401025956442586
0.07902084132522758
0.07849116998571748
0.0657674335479782
0.0710850584452416
0.08171328906478792
0.07540136945130316
0.06616140261379033
0.07863614889471382
0.07860186003387659
0.07924568986248948
0.09021844039138127
0.09045385521078642
0.08184609959376576
0.09008755089054044
0.08078402757084768