0.0051634929356664805
0.004343302981005437
0.002741935315241417
0.006119592554081121
0.007888258657601566
0.006888258657601565
0.01644299061025234
0.011228170010793903
0.014158596350446029
0.01537902269009822
0.01659006532406343
0.012946287358570174
0.005031960637332744
0.007915413571027263
0.013954404706346457
0.008893037040582474
0.007090301709054447
0.013586198711762476
0.006749360382942604
0.009399360382942645
0.012816625051414676
0.004675257385650666
0.004800213062246872
0.011318845396482813
0.013797477730718877
0.011804742399190937
0.011520639401898902
0.01678380107307903
0.015682433407314955
7.310657415510735E-4
0.012628330410023092
0.015258330410023113
0.005975595078495155
0.016060774479036755
0.02171807291679323
0.021326021418147267
0.017905696386348535
0.01966191842085535
0.0201119184208553
0.015408824288244027
0.009118140455362078
0.003446447757799287
0.014836447757799298
0.012606447757799344
0.01646644775779932
0.017236447757799367
0.00658162715834093
0.02252097709474349
0.017699609428979357
0.004508241763215404
0.021188241763215432
0.022948241763215416
0.01030413876592351
0.01587140343439547
0.02115866810286754
0.014581796004763115
0.015311504742248794
0.003741863543332058
0.018284991445227716
0.014977760546040164
0.02432225611369976
0.014589520782171739
0.01874952078217179
0.011418153116407814
0.015516785450643722
0.025386785450643767
0.013505417784879736
0.023384050119115762
0.018196819219928217
0.013972682453351815
0.020601314787587865
0.026758579456059917
0.02338584412453193
0.01493516029164993
0.018863108793003902
0.01600310879300393
0.014741741127239916
0.01666174112723995
0.005909005795711908
0.016559005795711956
0.026759005795711943
0.01298763812994802
0.019738680763913163
0.016496270464184004
0.019556270464184067
0.021632167466892116
0.013020799801128025
0.025180799801128084
0.007869432135364118
0.01253943213536407
0.0082680644696001
0.029958064469600088
0.017956696803836047
0.016045329138072162
0.014763961472308185
0.015372593806544155
0.018521226140780223
0.014239858475016187
0.021615755477724208
0.01870575547772424
0.005481652480432309
0.019166181817376393
0.03034618181737636
0.030493446485848452
0.017670711154320395
0.028410711154320367
0.029191753788285646
0.0039062493559453015
0.02515797582279239
0.018855240491264524
0.018113872825500477
0.02541250515973653
0.017679769828208514
0.01927840216244453
0.01396703449668052
0.02258019616786061
0.019557460836332752
0.013683357839040788
0.014413357839040686
0.01903199017327667
0.017038896040665608
0.017132416512928905
0.025783695531885198
0.034253695531885175
0.03322044521389744
0.006987709882369519
0.024984974550841532
0.036014974550841516
0.007996768556257638
0.01095762123556182
0.010446253569797781
0.038412150572505854
0.010971500508908272
0.00436531224368597
0.007098473914866066
0.0074950885197405115
0.01173026792028209
0.0025382164216361525
0.0076475325887541135
0.0068475325887540905
0.007238934023802601
0.008500694259934216
0.008010694259934226
0.00951795892840629
0.006400728029218705
0.008186591262642262
0.0064383852680584
0.0032315469392383833
2.347086104184659E-4
0.0018347086104185117
-4.2939438687344955E-4
0.008419237947362546
0.0010261438147513013
0.0056478702815985216
0.0015665026158346307
0.007986502615834612
0.006455134950070662
0.0020948099182718227
0.002461031952778747
0.0043138010535910265
0.004819664287014691
0.003961390753861871
0.0013382966212507341
0.008316928955486746
6.055612897227225E-4
0.010775561289722735
0.005154193623958747
0.00855009062666684
0.042335987629374905
0.008001884632082845
-0.0020063213625009513
0.041771268337769785
0.003688207974443025
0.008446840308679038
0.043356840308679034
0.012182737311387082
0.010958600544810793
0.00379453131680324
0.008453163651039153
8.117959852752543E-4
0.009193881253205693
0.002046325322219378
-0.0014191453408366472
-0.0022005130066006795
0.012628119327635356
0.011625383996107408
0.020952973696378274
0.006105742797190616
0.007622648664579457
-6.028557677609792E-4
0.01269476770179434
0.01221581033575947
0.003908938237655202
0.013078972006939638
0.011772133678119634
0.006390766012355664
0.0123184570204799
-0.004777731244742511
-0.006607013642576098
0.007961618691659955
0.012651618691659927
-0.005089322634451943
-0.002288896294799836
0.0124111037052001
-0.011974366957855753
-0.0037998376209116835
-0.0045398376209117575
0.006105341779629847
-0.01758530828396765
-0.003428043615495646
-0.001052146612787519
-0.009613514278551616
-0.002623514278551564
0.001206485721448436
0.0012364857214484104
-0.0011135142785515528
-0.006626249610079515
-0.007257617275843509
-0.005891720273135503
-0.014814455604663379
0.002301441398044557
-4.474686717775844E-5
-0.004416764596539335
-0.009576764596539278
0.00162323540346071
-0.0018767645965393487
-0.0024691748962685223
0.0026760045042730773
-1.781322623032322E-4
-5.881322623032537E-4
0.014697047138238273
-0.010296730827254852
-0.008312235259595235
0.017007764740404774
0.0017036617431127055
-0.005249073588415087
-0.004794544251471078
-0.018993501617505848
-0.004237279582999021
0.002892720417000949
-0.004868647248763125
-0.0012186472487630828
0.016191352751236954
-0.003306561980832623
0.015388617419708928
-0.005902750246055022
0.014447249753944957
-0.012744117911818953
-0.003464117911818998
-0.004824117911818915
0.007265882088181019
-0.00810548557758295
-0.003969588574874949
1.6041142512501771E-4
-0.004919588574874956
-0.010199588574874907
0.015378359926479013
0.005105949626749873
-0.0014223239064029003
-0.006512323906402939
-0.004473691572166927
-0.0075936915721669385
0.015426308427833102
0.002480837764777255
-0.006390529900986763
-0.006441897566750787
-0.0011532652325148551
-0.004584632898278818
-0.004036684396924783
5.426317701932581E-4
-0.00513873589557079
-0.013700103561334775
-0.00698147122709869
0.004795793441373319
0.0033957934413733626
-0.001587950754835421
-0.005761044887446609
0.0022396727147198092
-0.002135147884738453
-0.0012865155505025205
0.006827980017157065
-5.764480119336834E-4
-0.0054260892108504155
6.939107891494878E-4
0.005553910789149574
-0.002948824542378381
0.0038498077918576734
0.007849807791857677
0.001627072460329726
0.003911926829072487
-0.006408398202726262
-0.007151133534254339
-0.008291133534254258
0.0018488664657456688
0.003678866465745667
0.004162028136925844
-0.0033020748603661554
0.005007925139633884
-7.534425261301325E-4
0.007086557473869826
-0.09477585282585932
-0.004576177857658015
0.009782454476577995
0.004489719145049975
0.004238351479285973
0.006398351479286024
0.00567835147928597
0.0030242484819940074
0.006832880816230014
0.003301513150466062
-0.005113957512589917
0.0058460424874100525
-0.013176692844117821
0.005230998164006295
0.0012668613974298748
-0.07896310483328572
0.010996895166714316
-0.001274472499049606
0.011624159835186332
-0.006317207830577598
-0.09791857549634153
-0.10182994316210559
-0.08390994316210554
-0.006051310827869527
-0.077835447594446
0.010779047973213718
0.007284586174838459
-0.08254678149092559
-0.006206781490925517
-0.026478149156689557
0.007271850843310501
0.010064619944122888
0.007990483177546526
-0.08064088448821749
-0.050422252153981384
-0.024683619819745428
0.0044422771829626395
-0.07028045814856537
-0.07847941551460019
-0.003795928811621274
0.007579609390003572
-0.002438664143149194
0.0080299681910867
-0.08338139947467721
-0.024071399474677235
-0.01450413480620516
-0.004507228938816443
0.056568634294607234
-0.07550550247196913
0.010233129862266821
-0.05605823780349711
0.007571762196502851
-0.003319605469261133
-0.019760973135025117
-0.0285709731350251
-0.05501234080078904
-0.002172340800789041
-0.03334712763096309
-0.0712278114638451
-0.014900905596456293
-0.039779179129609044
-0.029961914461136996
0.010916717873099058
-0.039550513026088585
0.013255350207334982
-0.0025360174584289075
-0.013487385124192952
1.4261487580707888E-4
0.014319879544279046
-0.09099839398887366
-0.07964839398887369
2.857765469871376E-4
0.014465776546987108
-0.004556274951658779
-0.08067695878454084
-0.0014369587845407539
-0.06090350585084642
-0.02572350585084643
-0.05847969411606885
-0.011029694116068856
0.015098938218167213
-0.09988242944759679
-0.05397242944759678
0.01671757055240325
0.004674835220875306
0.016862099889347226
-0.04971200310794466
-0.02651200310794466
-0.0016720031079446862
-0.022404738439472605
-0.019124738439472655
-0.02672128550577818
-0.021037473771000625
-0.09094470467018817
-0.02064157676829259
0.011238423231707428
-0.013582944434056554
-1.1294443405657217E-4
-0.02612362826693848
-0.08091258563297338
0.018422952568651563
-0.024858415097112452
-0.08729115042864044
-0.008462518094404459
-0.02338525342593234
0.01340474657406765
-0.002206621091696448
-0.10474072408898832
-0.02661072408898829
-0.07970209175475229
-0.027352091754752283
-0.006502091754752248
0.015647908245247755
0.015057908245247664
-0.08027345942051634
-0.005448930083572223
-0.0075789300835722995
-0.0033616654151002456
-0.01044303308086414
0.01487696691913587
0.011695958054455058
0.0021560255930239136
-0.017655342072739943
0.016613290261495994
-0.04064912003823323
-0.009308077404267978
-0.008399445070031986
-0.0010521804015599656
-7.354806732395858E-5
0.018696451932675995
-0.037734915733087904
0.0017050842669120159
-0.034226283398851975
-0.01011628339885201
-0.029847651064615954
-0.005957292263532643
-0.04619312172767187
-5.158570591998202E-4
-0.033177224724963816
0.005002775275036175
-0.012339960056491794
0.01165730461198028
-0.012214063053783697
0.0023245692804523266
-0.011105430719547726
-0.053986798385311674
-0.0048867983853116415
-0.027619533716839673
-0.027139533716839637
0.01115773095163236
-0.006973636714131648
-0.0013501837804371641
-0.00996018378043717
-0.01963500437989557
-0.03943773971142356
-0.008487739711423525
-0.012527739711423569
-0.034259107377187514
-0.015749107377187488
0.004709524957048461
-0.005691842708715533
-0.00880184270871548
-0.011640116241868281
-0.007983210374479521
-0.007994578040243505
0.01693131896246458
-0.03571004870329941
-0.005200048703299376
-0.010036595769605028
-0.049521416369063376
-0.006551416369063423
0.006058583630936587
0.02017858363093661
-0.007704151700591411
-0.013010698766896978
-0.024965519366355382
-0.01644551936635541
-0.048646887032119335
-0.017552782768722908
-0.03328825469788338
-0.0077930752973416895
-0.006059622363647321
-0.007145126795987666
-0.02679235769517535
-0.01605235769517538
-0.010592357695175358
-0.011422357695175356
0.005397642304824701
-0.013440631228328115
-0.027755093026703204
-0.025045093026703213
-0.00839509302670316
-0.007756460692467271
0.0037135393075327094
-0.038387828358231235
-0.012947828358231217
0.02090217164176883
-0.029765743090300834
-0.01399056368975915
-0.006741931355523201
-0.005163299021287149
-0.0069146666870512075
-0.0061146666870511845
-0.011226034352815217
-0.007847402018579197
-0.008298769684343121
-0.00821013735010706
-0.006880137350107118
-0.004650137350107053
0.01985849498412895
-0.012232872681635032
0.004023349352871741
0.0043743919868369785
0.0019630243210729814
-0.0062483433446909875
-0.0017583433446909935
-0.00609248011126734
-0.02372244634198295
-0.006193814007746934
-0.01246863460720532
-0.007205181673510974
-0.01713619053819171
-0.005396190538191736
-0.003929284670802835
0.006619347663433195
-0.0017699347344004024
-0.003151884925193027
-0.004546637986082569
-0.044139373317610586
0.012150626682389476
-0.03987894697795846
-0.03429894697795843
-0.001913049975250436
-0.03688441764101441
-0.0301671529725423
-0.02411370003884794
0.007711479361693696
5.373763644017648E-4
0.005590504266297369
0.012547802704053812
-0.03352766795900214
-0.0018517709562941298
0.005368229043705874
-0.03461313862205806
0.008256861377941904
0.00700380101461523
-0.030191344616641913
-0.04237681527969789
0.0024218170545382
-0.04035912427157373
-0.022499124271573745
-0.045043227268865615
-0.04144322726886568
-0.045788697931921696
-0.040588271592269465
0.0028473341479242076
-0.029260580584145435
0.00914394875279867
0.0025043750924507724
0.004456561668234549
-0.023170669230953067
0.0020593307690469076
0.002146595437518939
0.004770183448351173
0.00985608045105918
0.0026669331303634802
0.003285991804251598
0.005773256472723587
0.0023005211411956106
0.00247915347543165
0.008435050478139694
0.010573682812375695
5.409474808477643E-4
0.004717270823207886
0.016786755836748102
0.006006240850288391
0.01130350551876036
0.009892990532300527
0.01573615220348068
0.011113416871952775
0.017819807752881722
0.016830166553964965
0.007298798888201008
0.015228798888201
0.018543328225144984
0.016178507625686678
0.00987059289361708
0.01375375456479716
0.017068283901741144
0.022701770604720062
0.016152813238685282
0.013984607244101388
0.011672298252225433
0.018866827589169632
0.0030245523665781704
0.021977680268473854
0.010450753292846227
0.013170238306386473
0.020352032311802604
0.011477929314510638
0.014369723319926697
0.019174252656870727
0.020212884991106683
0.022079140794898033
0.018047840667702875
0.01972784066770289
0.024256899341590976
0.018258693347007138
0.022570487352423174
0.021566810694783334
0.02320313403714347
0.023322192711031642
0.025762619050683777
0.028425231966119624
0.025978853746236263
0.030109955471577243
0.03591807281935355
0.039815172855255876
0.043206350566358964
0.03132720324566307
0.03799583557989911
0.03452310024837113
0.03746310024837107
0.038798997251079215
0.03776521928558596
0.03698668825920337
0.03542532059343939
0.045576599612395685
0.04558989636071353
0.046207946169920966
0.04519231932148848
0.04163958398996043
0.04760676001162478
0.0497626570143328
0.05154992168280492
0.05572503775863019
0.04659722433441399
0.05006221378029452
0.06159015383445543
0.06924200269790687