-0.012816835931332315
-0.013711282616250764
-0.014063042460156772
-0.026940867332558627
-0.011009694190927788
-0.016222506701781936
-0.015277478513552767
-0.018998392033833245
-0.002580248474420399
-0.0042783552503227185
-0.025149960195125165
-0.01063735929917986
6.813630781468127E-4
-0.005471595707549959
-0.022972241054841414
6.095187906880462E-4
-0.002067509187993477
-0.005367971974003072
-0.024095497085064532
-1.8259995826974684E-4
0.008433773956145973
-0.010600508947917309
-0.0072649054559787984
0.0019615976517175504
-0.017820657649042837
-0.013284002998722677
-0.012320246452495853
-0.004454889861267519
-0.01156312550033789
-0.019615015367955735
-0.005037226785797988
-8.987527906038073E-4
-0.005978031714551912
-0.009689986262010342
-0.0022481454887561814
-0.012330227789745019
-5.71556844156218E-4
-0.014438311182535801
0.011359724455875297
-0.010764977262371245
-0.017103763634351066
-6.123053216482433E-4
0.007374397179011893
8.64473926877829E-4
-0.01881132788638895
-0.003079080620662311
-0.004303425267107475
0.0011232979236571738
0.001193228302342919
-0.008783663443791112
-0.008269021971840762
-0.0034943480827314133
-0.008139383740106365
0.00326526150896822
-0.00995036814201089
0.0040199723501705975
0.004262628112384204
-0.006506620570249089
0.004850185488308956
-0.0018859593870421687
-0.005059753447444693
-0.004725394640609837
-0.002695903249606224
-0.0017439369062763888
0.00512517999201656
-0.003873385395465556
-8.669543299371085E-4
-0.00801632517363604
0.012905122182860662
0.0017902873489654691
0.013934428415535494
0.0011514130771869135
-0.0038736184729509793
9.40539691468012E-4
-0.005818063803222029
-0.015954774612693456
0.0015201093952392775
-6.580391782688988E-4
-0.013420612507996754
0.003587964107845343
-0.003893328674231422
0.003961592195262376
0.0026254140668920956
0.006255330537250026
-0.00897160501918004
0.013328928885852465
0.0027981285668357003
-0.0022106701393360684
-9.586404615785638E-4
0.005315386087082596
0.007832516356299335
0.006724409223140104
-0.00946468546724788
0.01122965657890318
3.480739363428409E-4
0.007428941539299294
-0.010849372261866108
0.00513919471603852
0.0013513422790424334
0.0022109972785132603
-0.00399978770328302
0.002610108987075921
0.0050699000505118885
0.004712364113824918
0.001380429763204516
0.004202229567660698
0.005044315645773789
-0.012563440350642274
-0.002314349343041311
0.008580819767146974
-0.0010933868227344101
-0.006071508779756041
0.008513574133303559
0.009739288456558248
0.008572318370512422
0.015364663572904225
0.020180973150073278
0.018126155321871673
-0.0036569315599493946
4.3613816225884783E-4
-0.0035262743278783315
0.01268512527261545
0.01013233730161156
0.02053331675499026
0.006570859203481327
-0.009508570691773688
0.009202749906959129
0.010838707538669001
-0.011480796153953365
-0.004437837792706345
0.024628097788823577
-0.0026030356513714326
2.9620005313113484E-4
-0.002090265688880155
-0.009918020015199591
-0.00921057300446948
-0.0041465478792719335
-0.006850349889605312
-0.0026882184942528253
-0.006003832033915413
-7.906182311767651E-4
-1.704372689934619E-4
-8.451957756669959E-4
-0.001955666609191553
-0.014498563405873632
-0.001769246873412622
1.2639524994972895E-4
-0.007049610803417372
-5.986003563430708E-4
-0.03525651570712229
-0.022076949931147727
-0.0076598459716439304
-0.01593975850715268
-0.0011329987919920237
-0.0127750596428855
0.013388313507163963
0.004128323067050799
-0.0038768569359559635
-0.017083966679845797
0.030953618844470787
-0.01769555779437093
-0.006548990343998917
-0.020523076785504912
-0.008879989399559696
7.204237099117661E-4
-4.785860327994884E-4
-0.004215004350543783
5.041313140711212E-4
0.006295022439954057
-0.00558633190886948
0.0017497745144977594
0.03142056136049398
0.002307365306595255
-0.001058826893256537
0.022070333483596438
0.03674587304807497
-0.0026550240362055444
6.160672567375736E-4
-0.0017432115111094548
-0.003062974661928508
-0.004246386785995648
-0.01558080766532488
-0.010257779341793394
-0.011396282230707766
0.025846201541605773
-0.01213798560001289
0.025517941021714785
-4.572131773264987E-4
0.0057798048371104915
0.0016481170462301353
8.126924110707368E-4
0.004979691405500031
-0.008570342950104282
0.008717031951265053
0.00791962093909182
-0.012931933308443333
0.007375184811450386
-0.0036791162805657196
-0.07236949796483938
0.006124617879939787
0.006168834087666553
-0.010033760178798534
-0.011094510505827548
-0.0019652750550105402
-0.014136775107360333
0.006289788823378273
-0.09442263094180126
0.003147841157462139
0.007954459372294331
-0.01754032143662121
-0.007391977223934587
-0.0023932908576458356
-0.005844419012150048
-0.026944096045514176
-0.004362756359580944
-0.03137584584169606
-0.00873908453448946
-0.0020122142292167133
-0.06273045320848036
-0.02079037949621587
-0.006169586945507732
-0.017143478017807134
0.003320847189609344
-0.005382812239525969
-0.018651527757026054
-0.009883767479361594
-0.011007062882531393
-0.0072110193892338526
-0.005453680341177769
-0.009688020049954504
0.0060453770615759295
-0.017303044140181023
-0.016640340028931888
0.008963683587698945
-0.09197612197709715
-0.08275404336270054
-0.006588635314213942
-0.026629219836839857
0.004100999825583873
-0.0024717573148778094
-0.02802619863605471
0.014455143318436559
0.01957058688469493
-0.016655781834561956
0.0010929840213249609
-0.017579434730177645
0.018682494174845354
-0.008844284397169
-0.004589359415009486
-0.006727509591421432
-0.009588359362058485
-0.01561618498521744
-0.007807314059061321
-0.001782179215568891
-0.005129557636571747
0.01260151121269093
0.0465926008301083
0.0025090793778624887
-0.01614015388244716
0.0012027228079287688
-0.010876245120890138
-0.01856872112489516
0.013820010402531668
2.6780670209169966E-4
-0.028689400126316822
-0.015598374693850059
0.0032237040094547087
-0.0864445110918074
-0.01604972493163148
0.0018711936824185038
0.007128214784986708
-0.03258511187642199
-0.007358700244492922
-0.08354289778023505
-0.001116495641000137
-0.0017373057703420347
-0.007539950050510225
-0.02191913572882831
-0.010459131947898714
-0.05992671135771688
-0.008599450225122762
-0.01069545929780491
-0.05345337515813686
0.0013144438572573192
0.001757971171939654
-0.0018523412537054806
-0.00786429278565437
0.0010346681147552772
-0.004441869747474514
0.0020732929072448947
-0.014058791736547005
-0.05822940818306577
0.018066749849856123
0.002283513572487461
-0.11047562476504302
-0.024532531012537384
0.015342152592559888
-0.00956665949990565
-0.010217803406845749
0.0061021477508526045
-0.09401267008115421
-0.014919181981693841
-0.0025765018373545834
0.004596166656356648
-0.10346301281312575
0.0032335423935861973
0.007662708049077649
0.005276700088214903
1.637016519885348E-4
-0.06186314083662814
-0.0051409739126464515
-0.030394744604600232
-0.01438312148107912
-0.09594905055080505
0.00480032774575323
0.011690047680931959
0.004946577497270344
-0.009731429677299008
0.017105445901183236
-0.009066548084791126
-0.09724504604146633
-0.013279266514154897
-0.03286825599283538
-0.04797249120971214
-0.0033401697275968756
-0.007826301184080786
0.007220838534399143
-0.010420586949734134
-0.01072525983059558
-0.011160358070017695
-0.0921035933174229
-3.7209277561223164E-4
0.00965782989272368
0.01209993875005877
-0.09958452259394468
-0.013104064397580495
-0.006219395866783772
-0.0319887086367836
-0.009614151456090236
0.0034772101060117633
-0.07291638254873656
0.0033462210255533753
0.022304845134478835
-0.031763843821246085
-0.026427604033973817
-0.006676601123238091
-0.003025395642498707
0.018348526057698766
-0.028047940321333953
-0.01879282247972991
-0.026411995169059566
0.006834046643283576
8.344333796544978E-4
0.015071230445837025
-0.002868493754303314
-0.024824290950780648
-0.052291447765485666
-0.009721977331311304
0.01894236387897963
-0.012877480964426091
0.01800921809627487
-0.03445326651570413
0.012585622337108804
0.0013481775732210322
-0.02054314897685683
-0.0013294445497371576
-0.01608016506532972
-0.005469199592900931
0.020363012318207696
-0.020878960475162134
-0.011912587664954843
0.014051163413959178
0.008202920837011463
-0.04478458090560122
0.019861906366179682
0.026515507650617387
-0.02987434104253439
-0.02916534664247239
0.013484991824537329
-0.042718974064235304
0.004876739676845099
0.015537162250242598
-0.037613052699430494
0.014813214048545853
0.0020509994536639375
0.008256528986704925
-0.02719410580168613
3.4790319139610393E-4
0.001918755225162383
-0.005329386421326077
-0.010594915528293614
-0.014942382899015394
-0.005364717705660382
-0.018810389158050556
7.628322699350099E-4
0.0010887565597175186
-0.0034255564187017917
-0.007571231543021417
-0.0036105739645512225
-0.006590504096603889
0.013184952536693717
-0.050720708768206335
-0.005354929420335108
-0.01728287466384848
-0.021135662812668765
0.004357893390305123
-0.03434057365072507
-0.020659178913654208
-0.005529496170149417
0.005793297752199389
-0.004659743895862101
-0.037102196667427756
0.01910273491706793
0.0036975877556701953
-0.012794447451164204
0.020019340741373015
0.002958489043148327
0.010798453358417448
-0.009335999867072675
0.009207331311359535
0.013894296049950627
0.01891772809164949
-0.04620254620126707
0.02260103672501179
-0.06967700561768309
-0.029297570606943157
0.0035994707487981836
0.008233997791747827
-0.032627654067768797
0.009005360041219324
0.0257899661438884
0.010547916675274327
-0.07053677656938395
-0.002682695569670268
0.007075378961460821
-0.02062429984176628
-0.0013133318650040415
-0.002637153578909146
-0.0027516761611702245
0.016683565080094276
-0.004697258212247535
0.009908335745324792
-0.04103735757237614
-0.03265079146741723
0.008216917121018574
-0.0011101985905027645
0.003589687245039719
-0.03527935233244672
0.010740127908247632
0.016040853515986053
-0.005107013328032983
0.027137741406945137
-0.018626327359966277
0.021979013235998157
0.014189608395575037
-0.0024841830699625644
0.0010171556348671507
-0.0011283722172195088
-0.014820457370564255
-0.005347239540262616
-0.017011172836241206
-0.003405728172826583
0.011458091098509371
0.008412478713961669
-3.089704741617849E-4
0.0028579422000336585
-0.004868630084993497
9.944878864841522E-4
2.643950598748557E-4
0.010916007457536514
0.0048326093323293184
4.862322300160926E-4
0.0045864095711762864
0.01494890038818597
0.013990583074439233
-0.0018318278778052255
0.00862268808202804
-0.007083870907237055
-0.0017354660292330237
-0.005134850012592951
0.02852584265757574
0.0042407064795283445
0.00981966444410276
-0.04033677574438166
0.0053106788314549735
-0.04206994532160835
0.0015734255761697957
0.008661261078470428
0.007883049748903859
-0.07826708989808229
-0.037028046822677574
-0.004790318067795396
-2.748679501072271E-4
0.025511424949857364
0.010838103079249928
-0.007938558289458775
0.023889654070071153
0.012068521461931048
-0.003111025714680582
0.005592135147753696
-0.0143253525233773
0.002762748658436953
0.0028039115783322632
0.00372819239165445
0.00719024603632179
-0.005495528186830412
0.0023898857820517927
2.706553740978723E-4
-9.628477270416935E-4
-0.06799279745041875
0.00815353348250858
-0.059575601005276035
0.00936272712866737
-0.010011772422309884
0.004932936317293524
-0.023162522254449147
0.010641472883677117
-0.06654630231056313
0.0020433087100288905
0.006225141011318325
-4.3660676293866274E-4
-0.02328866485038461
-0.004069415686966393
0.012814853577117424
-0.007964708506835727
0.015149908981917926
0.015341770204072014
4.3015146666491866E-5
0.010317058953082991
-0.032102997940538835
0.01913006656641847
0.03559358717899885
-0.008745857389445999
0.011305113098701636
0.033682763397196114
0.004179731707950607
0.010347038327989999
0.0156816378993212
-0.02576403754968204
0.0350976029855139
0.010859051092767524
-0.008958450205303392
0.02053675339431682
-0.017045430274062245
0.0259748905129239
0.028167269224202318
0.03584239006502932
0.009562572445247497
-0.052913601084243145
0.02099750672437417
-0.011451421994651656
-0.019888861086400755
0.012777523401578561
0.00524528887277842
-0.015450837655271443
0.003865465610048857
-0.0023660852739542104
0.015946192334477027
-0.00998362470150671
0.017058403309959447
0.024934206205719622
0.04080040962469711
0.030238520680224368
0.0062083578024223485
0.03539686213108684
0.021611946866538667
0.022654619456629277
-0.004637542014702789
0.019050106844041736
0.027490772127433116
0.01046102798414017
0.02508657475484477
0.04428886986928815
0.0255119935237621
0.02703277524341574
0.030056266710213886
-0.044389299100590085
0.007460907183150178
0.009689426475491869
0.026790194286817393
0.03184425310577066
0.048152355847057904
-0.023437080173553393
0.027036109946910414
0.04339525649348597
0.04492013491818847
0.025558267461677886
0.029312125471256056
-0.0066698964544794626
-0.002419148968948792
0.039987874980546456
0.021710071050310864
0.0366782469363508
0.036855425135582154
0.034095514195924825
0.040995301991789024
0.028875470305954387
0.03567210601213566
0.04901739959361984
-0.02775254283299944
0.040199423100543585
0.03966980294613798
0.0397830207710107
-0.022225148151631346
0.04668055952585681
0.06332305025233453
-0.002660828328048148
0.07190342684826745
0.044677045879921606
0.05164229694399258
0.06994234326567439
0.06549902144054442
0.06072756329261886
-0.005431868599040102
0.04843490491925362
0.05533860421622527
0.05873293133874813
0.05125205799103105
0.06382743354797826
0.06936025956442582
0.0766131861037278
0.07132636507388235
0.05883165882775454
0.08940668819824282
0.06962651888506388
0.030341169985717453
0.07414084132522758
0.0881713694513031
0.046896207265022416
0.038341402613790376
0.09444328906478794
0.1015550584452416
0.09706614889471377
0.07055186003387659
0.07515568986248955
0.0807160995937658
0.1059238552107864
0.08188755089054045
0.08514844039138136
0.09721402757084763