-0.01128018178966067
0.014704377808330449
0.011551311902457284
0.010799074452843671
0.0030031905602625475
0.011092003312194676
0.004761174855935135
0.004063523178191697
0.005600789890247704
0.009218552440634187
0.004780072306631189
0.0077307637163686604
0.01625015700539517
-0.006249373330153518
0.014842479153772792
-3.114152083599775E-4
0.009922811771701956
0.015986679959955563
0.006977149624406875
0.007434664255628054
0.002997482242336036
0.009498643316524835
-0.003213124468637474
0.01189416841729768
0.0062407437196162485
0.021179445598905444
0.009919445598905396
0.011187208149291805
-0.003330443528451521
0.009020495800451
0.021388258350837464
0.0087583692234805
0.012400717545737239
0.016034833653156055
0.009709419425026289
0.012659419425026186
0.0037481213043153994
-3.3129815859034295E-4
0.002085994727344831
0.017866934056247508
0.008343868150374356
0.006075746808179627
0.012926327345273991
0.01257997378824155
0.013127958083914093
0.005689367077268026
0.007833483184686962
0.024519588822554228
3.711086885512249E-4
0.011795224795970116
0.009416855534610247
0.01613014318576944
0.016352021843574815
0.015563430836928793
0.015899895266604236
0.013153541709571837
0.005185531240020191
0.007779177682987803
0.007551526005244391
-0.002144605806501887
0.023125394193498128
0.010529040636465647
0.013665863857949379
0.0257431567438845
0.01889044962981956
0.018390449629819616
0.005252328287624897
0.014166444395043776
0.012117853388397715
0.010450671375105691
0.011224787482524534
0.011025257146975942
4.866661403299388E-4
-0.002138748087799902
0.012224069898908008
0.013047357550067251
0.010201003993034863
0.01605465043600235
0.01228558976490507
0.02064523097309684
0.019782054194580623
0.012479816744967065
0.009273463187934594
0.026591695402772397
0.014004513389480333
0.01708003849025319
0.012588270705090887
0.025323437014055483
0.005474846007409495
0.013858133658568805
0.015282249765987577
0.024002249765987638
0.021323658759341613
0.012232830303081976
0.017510592853468454
0.015837416074952204
0.012747416074952167
0.017185648289789912
0.00916976439720879
0.022216587618692663
0.014393880504627643
0.017850703726111528
0.014869405605400565
0.012193521712819455
0.01806763782023829
0.01726998614249492
0.019847279028430087
0.014093273793654215
0.01681291500184595
0.010985263324102601
0.004785732988553892
0.030579242384999317
0.01111382815686951
0.024654160774798706
0.0033965090970553002
0.022330266412666
0.025498968291955026
0.02704131661421172
0.012992255943114261
0.00460410842704051
0.017514219299683553
0.00864198185007009
0.02126549124651539
0.018515797690565494
0.02431096399953009
0.015824610442497666
0.02725930708701091
0.02034823071158609
0.018808230711586105
0.022909972322869288
0.0035900831955123502
0.0011451386318339085
0.0033086480282792374
-0.0025313781455998385
0.004683677290721777
-4.8657062844353893E-4
0.005132131250845606
0.004878236888712861
-0.0027326177414259134
-0.0030608761301426646
0.004842052729208346
0.007507108165529852
0.011160754608497414
0.0036565014545563157
-0.01118504458531977
0.006059541186550499
-5.099891489982467E-4
0.006584707495515041
2.6705581777169973E-4
0.008245288032609377
0.006570343468930928
-0.0061887172021664605
0.005281282797833631
-0.005314601094747573
0.021246807898606446
0.009880924006025305
0.001341863334927973
0.002082802663830652
0.008722913536473698
0.007817029643892526
0.0015957315231817093
0.009093024409116746
0.007236312060276084
0.0038731352817598097
0.023486781724727346
0.025093604946211157
0.004173715818854173
0.00915288736259462
0.0017901802485297824
0.007730291121172794
0.004248634208653568
0.009033219980523755
0.003415568302780392
-0.00987244216677119
1.6625971251787997E-4
0.018688608034774568
0.009474133135547347
-0.01031658444806921
0.004840708437865937
0.0058267032030901444
0.010665405082379231
0.002661980384697782
0.008377505485470615
0.002097505485470663
-0.006220146192272735
-0.0016258083395678247
0.04407358494945879
-0.015314536392735889
0.00956781192952072
0.0012746351510045106
-0.005353955855641579
0.011241432198609125
0.0081578966282847
0.011642593272797985
-0.004208704847913025
-0.006476963236629829
-0.005668731021792051
0.014861379850850953
0.004358203072334754
0.013645026293818585
-0.015611327263213848
0.004916546159815571
0.006564889247296424
-0.005014171423801006
0.011383232334777171
-0.018474197597680042
0.011307322268316988
-0.009713036523491259
0.01298884213431395
-0.0013006882012345788
-0.0038129256508481757
-0.08611740055007538
-0.0037450522278187903
-0.0013744716907242993
0.01690834629598359
-0.012403891153629998
-0.008217067932146216
-0.001096598267694815
0.003147987504175387
0.003067159047915713
-6.541390727951013E-4
-0.01003897276383059
-0.014455215448219982
-0.010841099340801075
-0.006426043904479484
0.005677602538487925
-0.005708281354093125
-0.0032273420251904827
-0.07805369558222297
0.01402677408222841
-0.010283943501388115
-0.08600029705842066
-8.336296429373169E-5
-0.004176070078358629
-0.0063024236353911856
0.049711692472027724
0.004723571129833126
-0.011005378668621169
-0.004871262561202294
0.0032984895196324637
0.015415782405567513
-0.056690571151464864
-0.08647529396985726
-0.0033875314194707906
-0.030539768869084438
0.0014770543523993651
0.006088463345753303
-0.001300597325344044
-0.002323193566765802
-0.014369077459346902
0.005418215426588158
-0.007168138130444257
-0.08341438081483371
0.004030204957036543
0.005017967507422949
0.004360315829679551
-0.08733874484141779
-0.08920827517696645
-0.0072178055125151075
-0.005415926854709763
-0.006312280411742255
0.0032313660312253134
-0.0020040481969045287
-0.008218992760582966
4.446536823845548E-4
-0.010391699874647886
0.0015424162327710156
0.002809239454254764
2.865323401898823E-4
0.004171118112060113
0.0031858147565733685
0.007990400528443575
0.0021113398573462394
-0.10152631182039712
-0.009769488598913356
-0.10548266537742956
0.0044350971729568145
-0.001861256384075638
-0.09630937772627035
0.003997445495213525
0.0010079151596647518
0.01836520804559988
0.016989324153018737
0.013110733146372677
-0.015395979202467935
0.002775899455337294
-0.009477166450535812
0.05189518187172071
-0.00462340913492526
0.004636232073266466
-0.0185650660474444
-0.08621166752364201
-7.948443021582596E-4
-0.004981197859190711
0.003949741469711887
-0.02751014765764509
0.009530322006806369
0.00328443811422513
0.004993609657965581
-0.002630865241261604
5.346598595112884E-4
-0.004270284704167238
-0.03496252215378076
-0.0035124112811377173
-0.00314194161668635
-0.02737370940184869
0.019308280128599642
-0.058183957321013835
-0.0278489018846923
0.00491792133679142
-0.002434316112822077
0.0026761535516292567
0.002503446437564283
-1.4973034095194793E-4
-0.02568514456908172
-6.453924882469653E-4
-0.006397519065217461
0.008361182814071721
-0.05796152429999324
-0.008483761749606855
-0.0051787063132852085
4.2869744529283604E-4
-0.011002131010966698
0.010362454760903528
-0.0029102523531614466
4.6974764683860304E-4
-0.010572489802774976
-0.009385196916839866
0.005251626304643986
-0.059298262822712944
-0.03649638416490769
-0.015459091278972659
-0.004094283761816309
0.0014357162381837263
0.009614887781924097
-0.07580406201653012
-0.010507238795046392
-0.04385582980169245
0.008524170198307646
-0.01062665825795206
-0.012041961613438679
-0.009171491948987476
0.056685331272496364
-0.0030605526200848665
-0.05412209865996093
-0.011741628995509512
0.007005194225974232
-0.0034951645658340413
-0.009327871679898958
-0.0038009375857721017
-0.008575412484999267
-0.00881988738422651
-0.00709212483384003
-0.018701185504937268
0.004245278924738194
-0.010933312081907842
-0.02744601919597278
-0.018595079867070097
-0.05190002443074854
-0.009939554766297265
-0.010175438658878377
0.008988207784089153
-0.053748145772943234
0.011879147112991872
-0.0034934491284300817
0.00409019731453758
-0.031974277584689625
0.012585722415310419
-0.013400631141722075
-0.012589691812819381
0.004630888724275084
-0.009568171946822357
0.01001912093911278
-0.008730409396435934
-2.2582362456569083E-4
-0.06950217718159823
-0.007797121745276636
-0.009936652080825337
-0.056866652080825364
0.007980640805109684
-0.00628571275192269
0.004754756912528635
-0.004344303758568702
-0.012327010872633604
-0.03784607154373093
-0.051892425100763306
-0.0523051322148283
-0.03767783932889318
0.013373100000009408
7.039288594457016E-5
0.012377216107428368
0.01619815543633102
-0.010853612348831254
0.00135461986600649
0.00906144308749024
-0.0025744408050908385
-0.006950794362123314
-0.001243971140639455
-0.012567147919155808
4.756700675522252E-4
-0.027484219059804638
8.194273831628185E-4
-0.011405986844966964
0.0028076595980006114
-0.010999992079742726
0.012886472349932676
0.011826942014384001
-0.0019057650996808229
0.013887881343286723
-0.0027275328848430647
0.005354345772962288
-0.0028051845625864935
-0.007377422012199986
0.028871390739732106
-0.008416730602462619
0.007947496377599284
0.01647818778733684
-0.005394519326728131
0.0012478289955284994
-0.015426176239247302
0.015021116646687815
-0.008715236910344648
-0.03380877248066916
-0.010701838386542317
-0.017922666842801915
0.0035046260431332854
-0.0043057327486751285
-0.034843854090869764
-0.09578691999674294
0.013659903224740866
-0.00922645033229158
-0.03656222335222964
-2.1669825145675947E-4
-0.027918935701070347
0.0020707055071212954
0.01975117517157271
0.009137169936796863
-0.005660951405397852
-0.009356835297978983
0.0030136343664724508
-0.009305895969076272
0.0075641040309236685
-0.05340037086830346
-0.004653077982368303
-0.0057797903312091226
-0.0080079116734037
0.02200032054143397
0.00900396698440159
-2.8740129663418212E-5
6.612598703366612E-4
5.440778570446336E-4
-0.02000451314960139
0.0016591332933660885
-0.0010540434851500358
0.020468774501557818
-2.3757905547455715E-4
-0.018557109391023285
-0.0468902861695395
-0.01044299328360443
0.006357006716395608
-0.013580175296896368
0.002387587253490031
-0.008506417981285819
-0.0546591250953507
-0.00615865543089944
-0.024658185766448015
-0.024494539323480558
0.02015322322690588
0.004555571549162529
-0.04773442845083753
-0.006919842678967225
-0.0066993730145159525
-0.005300671135226864
-0.03714926214187286
0.011020737858127183
-0.004233626168456961
-0.03642315650400557
0.0032173131604457117
-0.007271277846200241
0.004652838261218595
-0.005986222409878839
-0.005922106302459984
-0.0017138740876221359
-0.005590586436462874
-0.003816470329043975
-0.002185061335689964
-0.003947768449754807
-0.028384122006787416
-0.007253652342335937
-0.026146829120852255
0.0012151604095961277
-0.005269784154082413
0.0033579783963040843
-0.0034147287177608288
-0.004580612610341928
0.0075803267185606815
-0.006296026838471802
0.03204397316152824
-0.012050501737698838
0.006659498262301167
-0.0012536785162151065
-0.038055915965828746
-0.004585915965828746
-0.003179092744344858
-0.009424976636926041
3.4466457126569594E-4
-0.002920279992412733
0.004203366450554802
-0.006396633549445252
0.0032601896720385604
-0.003725113683448189
0.02348488631655188
-0.03648370469009421
-0.008536881468610424
-0.0044590080455809145
0.009679224169256817
-0.0027430132803566987
-0.039942543615905435
-2.384173661634792E-5
0.008299804706351277
0.006850274370802489
-0.03043243274326235
0.00410215302860778
6.089762500915974E-4
-0.004412321870619351
-0.009600912877265388
-0.007242680662427559
0.007228258666475029
0.00773555155241018
-0.0033608020046222986
-0.06968069113197928
-0.07062223717185534
0.010675995042982445
0.004422929137109177
-0.02324248509102056
0.027314311956584125
-0.03284383555948972
-0.007639719452070759
-0.004941956901684308
-0.038671487237233015
0.0022335681990885425
0.00557917799862534
0.012278349542365674
0.005302106857976385
0.0059757533009439645
0.010678571287651817
-0.013840737302610706
-0.07739391408112689
-9.342728729351268E-4
-0.008228167235067918
0.010670064979769855
0.0033919436375751677
0.004624402832474783
-0.0015256233414042697
-0.008274573139858576
0.029785178940976154
0.009935759478070627
4.0150632412960796E-4
0.0016987992100647165
-0.02500285770245453
0.007480788740513056
-0.037999485352531226
0.004872615050560081
0.006205517736032118
0.003413723776990729
-9.82518907398644E-4
0.008949333576527552
0.017723919348397787
0.003221323106975982
0.007322595053807834
-0.007183288838773283
0.006610357604194206
-0.002988037831044732
0.033148896263082095
0.015598067806822491
0.00861041612907909
0.00713817867946559
0.021790637874365193
0.006068733042680796
0.032683318814551
0.007864727807905036
0.0011308334457722502
0.011342242439126238
-0.06885811635268207
-0.02069731407030151
0.011590037340518444
0.03263249653541811
-0.01336659030955828
0.008518934791214516
0.00480689291300801
-0.004642526549897608
0.03355111989306997
-0.03114736024093301
0.026684133451184866
0.008807479627229164
-0.00691149634510424
0.03144590741347392
0.014245189829857341
0.0035644722462408462
-3.5309473273859027E-4
-0.008996878222228222
-0.04939596506720473
0.04829143869137342
-0.004066239160249008
0.02446950768581002
0.032319507685809934
0.020623734665871862
0.025458183391220024
0.0013727691630901484
0.031062384197402815
0.052829429164172714
0.031712827687975065
-0.013535541573384935
0.0251446801719013
0.03355396258828475
0.01133169896479208
-0.04842078022686003
0.029289278298024912
5.616327974082291E-4
0.03513229803326651
0.06070056259911011
0.06021923830452014
0.03584084286928113
0.024288579245788477
0.06281385642739606
0.0457374243487263
0.0511777569666555
0.06132386260452277
0.044859139786130486
0.044605525694168646
0.06837116166758461
0.0340848081105522
0.0667623227417734
-0.026974278734424317
-0.025566431485273933
0.0285661124083898
0.0532825768380652
0.052757807849041494
-0.045094677519737336
0.034773560872227105