<DATE>;<TIME>;<OPEN>;<HIGH>;<LOW>;<CLOSE>;<VOL>
24/09/18;00:00;65.6000000;66.5000000;65.2000000;65.6000000;6500
25/09/18;00:00;66.8000000;67.0000000;66.2000000;66.5000000;13900
26/09/18;00:00;67.9000000;68.0000000;65.2000000;66.4000000;32500
27/09/18;00:00;66.4000000;66.5000000;64.1000000;65.1000000;21200
28/09/18;00:00;64.4000000;64.6000000;63.2000000;64.4000000;16700
01/10/18;00:00;63.9000000;66.0000000;62.5000000;63.6000000;26300
02/10/18;00:00;64.6000000;64.6000000;63.5000000;63.7000000;8800
03/10/18;00:00;63.1000000;64.8000000;63.0000000;64.1000000;12600
04/10/18;00:00;64.1000000;65.9000000;64.1000000;64.4000000;32400
05/10/18;00:00;64.0000000;65.0000000;63.2000000;64.1000000;25400
08/10/18;00:00;64.1000000;64.8000000;60.8000000;62.9000000;36700
09/10/18;00:00;62.9000000;65.5000000;62.6000000;63.4000000;19100
10/10/18;00:00;63.4000000;63.9000000;62.7000000;63.1000000;5700
11/10/18;00:00;63.0000000;63.0000000;58.8000000;60.0000000;105900
12/10/18;00:00;60.6000000;62.8000000;60.6000000;61.7000000;12900
15/10/18;00:00;62.5000000;62.8000000;58.4000000;60.0000000;110700
16/10/18;00:00;59.9000000;59.9000000;58.0000000;58.6000000;236400
17/10/18;00:00;58.2000000;59.1000000;58.0000000;58.2000000;134000
18/10/18;00:00;58.4000000;63.3000000;58.4000000;60.5000000;776100
19/10/18;00:00;61.0000000;62.9000000;58.1000000;59.5000000;293500
22/10/18;00:00;60.2000000;60.4000000;58.9000000;59.4000000;171100
23/10/18;00:00;59.0000000;59.1000000;54.9000000;56.1000000;404200
24/10/18;00:00;56.9000000;57.6000000;56.6000000;56.9000000;22600
25/10/18;00:00;56.2000000;59.5000000;56.1000000;57.8000000;65900
26/10/18;00:00;57.3000000;58.0000000;56.7000000;57.1000000;31200
29/10/18;00:00;56.8000000;57.6000000;56.6000000;57.6000000;7200
30/10/18;00:00;57.7000000;58.5000000;56.0000000;56.5000000;17200
31/10/18;00:00;57.0000000;57.8000000;57.0000000;57.1000000;3400
01/11/18;00:00;56.9000000;57.6000000;56.2000000;57.5000000;18400
02/11/18;00:00;57.7000000;58.2000000;56.9000000;58.0000000;12300
06/11/18;00:00;57.4000000;58.0000000;57.1000000;57.4000000;12000
07/11/18;00:00;58.0000000;59.2000000;57.7000000;58.3000000;24400
08/11/18;00:00;58.2000000;59.3000000;58.0000000;58.0000000;19800
09/11/18;00:00;58.0000000;58.4000000;57.6000000;57.8000000;44000
12/11/18;00:00;57.8000000;58.2000000;57.3000000;57.9000000;13100
13/11/18;00:00;58.2000000;58.2000000;57.4000000;57.9000000;11000
14/11/18;00:00;57.4000000;58.0000000;56.3000000;58.0000000;21500
15/11/18;00:00;57.4000000;58.0000000;57.3000000;57.8000000;4000
16/11/18;00:00;57.2000000;58.0000000;53.7000000;57.5000000;35800
19/11/18;00:00;58.0000000;58.0000000;56.5000000;56.9000000;6600
20/11/18;00:00;56.4000000;57.2000000;55.3000000;55.3000000;26200
21/11/18;00:00;55.2000000;55.5000000;54.0000000;54.8000000;20300
22/11/18;00:00;54.8000000;55.7000000;54.5000000;55.0000000;5900
23/11/18;00:00;55.0000000;56.4000000;54.7000000;55.1000000;13100
26/11/18;00:00;55.8000000;56.1000000;54.0000000;55.0000000;11400
27/11/18;00:00;55.0000000;55.0000000;54.2000000;54.8000000;6500
28/11/18;00:00;55.0000000;55.2000000;54.1000000;54.7000000;8900
29/11/18;00:00;54.7000000;55.7000000;54.7000000;54.8000000;28200
30/11/18;00:00;54.6000000;55.0000000;54.3000000;54.9000000;9800
03/12/18;00:00;54.9000000;55.0000000;54.5000000;54.8000000;11700
04/12/18;00:00;54.8000000;55.0000000;54.5000000;54.9000000;8000
05/12/18;00:00;55.0000000;55.0000000;54.5000000;54.9000000;12500
06/12/18;00:00;54.9000000;55.0000000;54.4000000;54.9000000;11700
07/12/18;00:00;54.5000000;54.9000000;54.0000000;54.3000000;16200
10/12/18;00:00;54.0000000;54.8000000;52.0000000;53.6000000;51100
11/12/18;00:00;54.1000000;54.1000000;52.0000000;52.7000000;37400
12/12/18;00:00;53.1000000;53.2000000;51.1000000;51.7000000;16500
13/12/18;00:00;51.8000000;52.8000000;51.4000000;52.5000000;7500
14/12/18;00:00;52.8000000;53.1000000;52.2000000;52.8000000;13500
17/12/18;00:00;53.0000000;53.5000000;50.5000000;51.5000000;33300
18/12/18;00:00;52.0000000;52.0000000;50.9000000;51.5000000;569700
19/12/18;00:00;51.5000000;53.0000000;51.2000000;52.9000000;18900
20/12/18;00:00;53.2000000;53.4000000;51.4000000;53.0000000;17600
21/12/18;00:00;52.3000000;53.2000000;52.3000000;52.4000000;5800
24/12/18;00:00;53.2000000;53.2000000;52.3000000;52.3000000;2700
25/12/18;00:00;52.5000000;52.5000000;50.5000000;51.8000000;516500
26/12/18;00:00;52.3000000;52.4000000;51.1000000;51.1000000;256800
27/12/18;00:00;51.6000000;52.9000000;51.2000000;52.0000000;17900
28/12/18;00:00;52.1000000;53.6000000;52.1000000;53.6000000;11600
29/12/18;00:00;53.4000000;54.5000000;52.8000000;53.6000000;14400
03/01/19;00:00;54.4000000;56.3000000;53.5000000;55.3000000;18500
04/01/19;00:00;56.1000000;57.8000000;55.2000000;56.0000000;29300
08/01/19;00:00;56.0000000;56.9000000;53.2000000;56.1000000;21200
09/01/19;00:00;56.0000000;60.0000000;55.4000000;59.4000000;185600
10/01/19;00:00;59.2000000;62.0000000;58.7000000;60.7000000;104700
11/01/19;00:00;60.6000000;61.5000000;59.5000000;59.6000000;23200
14/01/19;00:00;60.8000000;60.8000000;56.7000000;60.0000000;33800
15/01/19;00:00;60.6000000;60.7000000;59.9000000;60.0000000;11300
16/01/19;00:00;59.5000000;61.2000000;59.3000000;60.9000000;17300
17/01/19;00:00;60.4000000;62.5000000;59.6000000;61.1000000;19500
18/01/19;00:00;60.5000000;61.0000000;60.0000000;60.5000000;9300
21/01/19;00:00;60.4000000;61.7000000;60.4000000;60.7000000;19500
22/01/19;00:00;61.6000000;61.6000000;57.7000000;60.0000000;22400
23/01/19;00:00;60.6000000;63.1000000;58.1000000;61.0000000;38000
24/01/19;00:00;60.6000000;61.5000000;60.3000000;61.0000000;24000
25/01/19;00:00;61.1000000;62.1000000;61.0000000;61.1000000;10800
28/01/19;00:00;61.1000000;61.9000000;60.0000000;61.1000000;12200
29/01/19;00:00;60.9000000;60.9000000;58.5000000;60.3000000;28900
30/01/19;00:00;59.8000000;60.3000000;59.7000000;59.7000000;3700
31/01/19;00:00;60.0000000;60.3000000;59.0000000;59.0000000;10700
01/02/19;00:00;59.0000000;61.8000000;59.0000000;61.0000000;32200
04/02/19;00:00;61.7000000;61.9000000;60.2000000;60.6000000;12400
05/02/19;00:00;61.3000000;61.3000000;60.1000000;60.1000000;5000
06/02/19;00:00;61.3000000;61.5000000;60.4000000;60.6000000;13000
07/02/19;00:00;61.4000000;61.4000000;60.0000000;60.6000000;4500
08/02/19;00:00;61.0000000;61.9000000;60.0000000;60.5000000;9500
11/02/19;00:00;60.4000000;61.4000000;60.1000000;60.7000000;3200
12/02/19;00:00;60.8000000;60.9000000;60.2000000;60.5000000;7500
13/02/19;00:00;60.4000000;60.8000000;58.6000000;60.5000000;32900
14/02/19;00:00;60.5000000;60.8000000;58.8000000;59.6000000;10300
15/02/19;00:00;59.4000000;60.2000000;59.4000000;59.9000000;12300
18/02/19;00:00;59.4000000;60.1000000;59.2000000;59.7000000;5500
19/02/19;00:00;59.6000000;60.4000000;56.1000000;57.7000000;30100
20/02/19;00:00;58.3000000;60.4000000;58.3000000;59.1000000;24000
21/02/19;00:00;59.9000000;60.0000000;59.0000000;59.0000000;6800
22/02/19;00:00;59.2000000;60.2000000;58.2000000;59.8000000;16800
25/02/19;00:00;59.3000000;60.0000000;59.3000000;59.5000000;2700
26/02/19;00:00;59.4000000;59.9000000;58.6000000;59.3000000;7600
27/02/19;00:00;58.9000000;59.6000000;57.0000000;57.0000000;50100
28/02/19;00:00;57.1000000;59.0000000;56.9000000;57.9000000;43800
01/03/19;00:00;57.7000000;58.6000000;57.0000000;57.9000000;41700
04/03/19;00:00;57.9000000;57.9000000;57.1000000;57.4000000;17000
05/03/19;00:00;57.6000000;57.6000000;56.4000000;56.9000000;16100
06/03/19;00:00;56.6000000;57.3000000;55.0000000;56.1000000;32900
07/03/19;00:00;56.3000000;56.4000000;55.9000000;56.3000000;3300
11/03/19;00:00;55.8000000;56.4000000;55.8000000;56.2000000;15800
12/03/19;00:00;55.8000000;56.1000000;55.1000000;55.6000000;22500
13/03/19;00:00;55.1000000;55.5000000;54.8000000;55.0000000;10900
14/03/19;00:00;54.6000000;56.0000000;53.9000000;53.9000000;48200
15/03/19;00:00;53.6000000;54.7000000;53.0000000;54.2000000;42500
18/03/19;00:00;54.1000000;56.9000000;54.1000000;55.3000000;57900
19/03/19;00:00;55.0000000;56.1000000;54.8000000;55.1000000;25200
20/03/19;00:00;54.7000000;55.6000000;54.7000000;55.0000000;5100
21/03/19;00:00;55.1000000;55.2000000;54.4000000;54.5000000;5200
22/03/19;00:00;55.3000000;56.1000000;54.4000000;54.7000000;19300
25/03/19;00:00;55.4000000;55.6000000;54.5000000;55.0000000;18500
26/03/19;00:00;55.5000000;55.8000000;55.0000000;55.1000000;10100
27/03/19;00:00;55.2000000;55.6000000;55.0000000;55.0000000;3700
28/03/19;00:00;55.2000000;55.3000000;55.0000000;55.1000000;2600
29/03/19;00:00;54.9000000;55.4000000;54.6000000;54.6000000;11800
01/04/19;00:00;54.6000000;55.1000000;54.5000000;55.1000000;7800
02/04/19;00:00;55.0000000;55.4000000;54.9000000;55.4000000;3400
03/04/19;00:00;55.8000000;56.2000000;55.4000000;55.5000000;4000
04/04/19;00:00;55.5000000;55.8000000;54.9000000;55.3000000;7400
05/04/19;00:00;55.4000000;55.5000000;54.5000000;54.7000000;7700
08/04/19;00:00;55.2000000;55.2000000;54.5000000;54.9000000;8200
09/04/19;00:00;54.9000000;55.0000000;51.0000000;52.4000000;149100
10/04/19;00:00;52.4000000;54.0000000;51.8000000;52.3000000;105900
11/04/19;00:00;52.4000000;52.6000000;51.7000000;52.1000000;40300
12/04/19;00:00;52.1000000;52.3000000;51.0000000;51.7000000;39000
15/04/19;00:00;51.6000000;52.3000000;51.3000000;51.4000000;33400
16/04/19;00:00;51.7000000;52.3000000;50.0000000;50.6000000;98100
17/04/19;00:00;50.3000000;57.6000000;50.3000000;55.4000000;356600
18/04/19;00:00;56.0000000;59.6000000;54.4000000;57.3000000;448900
19/04/19;00:00;55.8000000;58.0000000;55.8000000;56.0000000;42000
22/04/19;00:00;56.1000000;56.3000000;54.8000000;55.3000000;22600
23/04/19;00:00;55.3000000;55.4000000;54.6000000;55.2000000;7600
24/04/19;00:00;54.9000000;55.0000000;54.6000000;54.8000000;7700
25/04/19;00:00;54.6000000;55.0000000;54.2000000;54.2000000;12000
26/04/19;00:00;54.0000000;55.0000000;53.3000000;55.0000000;23100
29/04/19;00:00;54.2000000;57.0000000;54.1000000;55.9000000;23800
30/04/19;00:00;56.0000000;58.0000000;55.0000000;55.5000000;37900
02/05/19;00:00;55.5000000;56.2000000;55.1000000;55.1000000;3500
03/05/19;00:00;55.0000000;55.6000000;55.0000000;55.1000000;3000
06/05/19;00:00;55.0000000;55.4000000;54.4000000;55.3000000;7600
07/05/19;00:00;54.9000000;55.3000000;54.8000000;54.8000000;2500
08/05/19;00:00;54.7000000;55.1000000;54.4000000;54.5000000;3700
10/05/19;00:00;54.2000000;55.0000000;54.1000000;54.7000000;3100
13/05/19;00:00;55.0000000;55.0000000;52.8000000;53.3000000;33100
14/05/19;00:00;53.2000000;55.1000000;52.5000000;53.1000000;196100
15/05/19;00:00;54.5000000;54.5000000;53.1000000;53.9000000;11600
16/05/19;00:00;54.1000000;55.1000000;53.5000000;54.5000000;12800
17/05/19;00:00;54.3000000;55.6000000;53.1000000;55.0000000;24200
20/05/19;00:00;55.0000000;58.4000000;54.6000000;57.1000000;96200
21/05/19;00:00;58.0000000;59.0000000;54.0000000;55.9000000;41400
22/05/19;00:00;55.9000000;56.0000000;55.0000000;55.6000000;4800
23/05/19;00:00;55.9000000;56.7000000;55.3000000;56.0000000;6500
24/05/19;00:00;55.4000000;56.5000000;55.4000000;56.0000000;2500
27/05/19;00:00;56.5000000;56.5000000;53.8000000;55.8000000;13100
28/05/19;00:00;55.7000000;55.7000000;54.0000000;54.3000000;29000
29/05/19;00:00;54.3000000;54.7000000;54.0000000;54.7000000;6700
30/05/19;00:00;54.5000000;55.9000000;54.5000000;54.9000000;17300
31/05/19;00:00;55.2000000;55.8000000;54.4000000;54.4000000;15600
03/06/19;00:00;56.0000000;56.0000000;54.4000000;54.9000000;9400
04/06/19;00:00;55.0000000;56.0000000;54.0000000;54.5000000;22100
05/06/19;00:00;54.6000000;55.4000000;54.4000000;54.7000000;10000
06/06/19;00:00;54.5000000;55.4000000;54.4000000;55.2000000;8100
07/06/19;00:00;54.8000000;55.6000000;54.5000000;54.6000000;13500
10/06/19;00:00;54.8000000;54.9000000;53.9000000;54.0000000;28300
11/06/19;00:00;54.0000000;55.0000000;53.8000000;54.4000000;22500
13/06/19;00:00;55.1000000;55.2000000;54.2000000;54.5000000;9300
14/06/19;00:00;54.8000000;54.8000000;54.2000000;54.5000000;8300
17/06/19;00:00;54.4000000;55.0000000;54.1000000;54.7000000;10500
18/06/19;00:00;55.0000000;56.5000000;54.6000000;55.6000000;71300
19/06/19;00:00;55.9000000;55.9000000;54.5000000;55.2000000;45300
20/06/19;00:00;54.7000000;55.7000000;54.3000000;55.4000000;33700
21/06/19;00:00;55.2000000;57.0000000;54.4000000;55.3000000;68700
24/06/19;00:00;56.4000000;56.4000000;55.0000000;55.8000000;25900
25/06/19;00:00;55.8000000;57.8000000;55.0000000;56.7000000;36700
26/06/19;00:00;56.9000000;59.6000000;55.4000000;59.0000000;53100
27/06/19;00:00;57.1000000;60.9000000;57.1000000;58.3000000;46500
28/06/19;00:00;58.8000000;61.9000000;58.0000000;59.2000000;76900
01/07/19;00:00;59.4000000;61.5000000;59.4000000;60.0000000;13800
02/07/19;00:00;59.1000000;60.0000000;58.9000000;60.0000000;8400
03/07/19;00:00;59.8000000;59.8000000;58.1000000;58.1000000;10300
04/07/19;00:00;58.8000000;58.8000000;57.6000000;58.6000000;37800
05/07/19;00:00;58.5000000;58.9000000;58.0000000;58.8000000;7800
08/07/19;00:00;58.4000000;58.9000000;58.1000000;58.1000000;3900
09/07/19;00:00;58.6000000;58.6000000;57.3000000;57.8000000;5700
10/07/19;00:00;58.2000000;58.2000000;56.8000000;57.3000000;13800
11/07/19;00:00;56.5000000;57.2000000;55.3000000;56.3000000;50100
12/07/19;00:00;55.8000000;56.5000000;55.7000000;56.1000000;43200
15/07/19;00:00;56.3000000;56.3000000;55.7000000;56.3000000;23500
16/07/19;00:00;56.2000000;56.2000000;54.0000000;54.6000000;78100
17/07/19;00:00;54.4000000;56.8000000;54.1000000;55.4000000;46000
18/07/19;00:00;55.7000000;55.8000000;55.0000000;55.0000000;8400
19/07/19;00:00;55.1000000;56.2000000;55.1000000;55.3000000;12300
22/07/19;00:00;55.6000000;55.9000000;54.9000000;55.0000000;15400
23/07/19;00:00;55.5000000;57.5000000;55.1000000;57.3000000;113400
24/07/19;00:00;57.4000000;57.8000000;56.4000000;57.0000000;12600
25/07/19;00:00;56.4000000;56.5000000;55.8000000;56.4000000;14900
26/07/19;00:00;56.6000000;57.7000000;56.0000000;56.4000000;17500
29/07/19;00:00;56.2000000;56.8000000;56.0000000;56.0000000;6400
30/07/19;00:00;56.5000000;56.5000000;55.8000000;56.4000000;11000
31/07/19;00:00;56.8000000;56.8000000;55.8000000;56.5000000;18000
01/08/19;00:00;56.0000000;58.2000000;56.0000000;56.6000000;19600
02/08/19;00:00;56.1000000;56.8000000;55.1000000;55.4000000;37300
05/08/19;00:00;55.2000000;55.9000000;55.0000000;55.1000000;15500
06/08/19;00:00;55.1000000;56.5000000;55.1000000;56.2000000;17300
07/08/19;00:00;56.2000000;56.3000000;55.7000000;56.2000000;5100
08/08/19;00:00;56.4000000;56.5000000;55.7000000;56.4000000;4800
09/08/19;00:00;56.2000000;56.2000000;53.2000000;54.5000000;75700
12/08/19;00:00;54.4000000;55.2000000;54.0000000;54.6000000;28400
13/08/19;00:00;54.5000000;54.5000000;53.0000000;54.1000000;68300
14/08/19;00:00;53.6000000;55.8000000;53.6000000;55.8000000;63800
15/08/19;00:00;55.6000000;55.6000000;53.5000000;53.7000000;32400
16/08/19;00:00;54.4000000;54.4000000;52.7000000;53.3000000;44800
19/08/19;00:00;53.5000000;54.3000000;52.8000000;54.3000000;49200
20/08/19;00:00;53.6000000;54.7000000;53.4000000;54.6000000;13900
21/08/19;00:00;55.4000000;56.1000000;54.6000000;55.4000000;24100
22/08/19;00:00;56.1000000;57.1000000;55.5000000;56.2000000;32000
23/08/19;00:00;56.6000000;56.9000000;54.8000000;55.2000000;10900
26/08/19;00:00;54.9000000;55.2000000;54.0000000;54.8000000;9600
27/08/19;00:00;54.4000000;55.0000000;54.0000000;54.5000000;8000
28/08/19;00:00;55.0000000;56.5000000;54.5000000;55.3000000;19300
29/08/19;00:00;55.4000000;57.7000000;55.0000000;57.2000000;119900
30/08/19;00:00;56.6000000;57.5000000;55.5000000;57.0000000;27220
02/09/19;00:00;56.5000000;58.4000000;56.0000000;57.1000000;15720
03/09/19;00:00;57.3000000;58.2000000;56.7000000;57.9000000;21200
04/09/19;00:00;58.1000000;59.0000000;57.3000000;58.5000000;22470
05/09/19;00:00;57.6000000;59.4000000;57.5000000;58.8000000;20700
06/09/19;00:00;57.9000000;58.9000000;57.5000000;57.6000000;9230
09/09/19;00:00;57.7000000;60.8000000;56.9000000;57.4000000;38110
10/09/19;00:00;57.3000000;57.9000000;56.4000000;57.2000000;12590
11/09/19;00:00;56.7000000;57.8000000;55.0000000;57.6000000;17670
12/09/19;00:00;57.7000000;58.4000000;57.0000000;57.7000000;6010
13/09/19;00:00;57.0000000;58.5000000;56.7000000;57.8000000;17870
16/09/19;00:00;57.9000000;57.9000000;57.0000000;57.9000000;8290
17/09/19;00:00;57.6000000;58.1000000;57.4000000;58.0000000;6050
18/09/19;00:00;57.5000000;59.4000000;57.5000000;58.6000000;7690
19/09/19;00:00;58.6000000;58.8000000;57.5000000;57.8000000;7430
20/09/19;00:00;58.1000000;58.8000000;57.6000000;58.7000000;5970
23/09/19;00:00;58.7000000;59.2000000;57.6000000;58.2000000;17660
24/09/19;00:00;58.5000000;58.5000000;58.0000000;58.3000000;1690
25/09/19;00:00;59.0000000;59.0000000;57.5000000;57.9000000;8790
26/09/19;00:00;58.3000000;58.3000000;57.5000000;57.6000000;2360
27/09/19;00:00;58.0000000;58.3000000;53.6000000;56.5000000;29990
30/09/19;00:00;56.5000000;65.5000000;56.3000000;60.1000000;342610
01/10/19;00:00;59.2000000;61.5000000;58.1000000;60.0000000;56060
02/10/19;00:00;60.8000000;60.8000000;58.4000000;59.7000000;18620
03/10/19;00:00;61.0000000;61.0000000;58.3000000;59.1000000;17080
04/10/19;00:00;59.9000000;59.9000000;56.9000000;57.8000000;40960
07/10/19;00:00;57.2000000;58.2000000;57.1000000;57.8000000;5470
08/10/19;00:00;58.0000000;58.0000000;56.3000000;56.3000000;11850
09/10/19;00:00;56.4000000;59.3000000;56.4000000;58.3000000;22290
10/10/19;00:00;58.0000000;58.6000000;57.6000000;57.7000000;1530
11/10/19;00:00;58.7000000;59.0000000;56.5000000;57.0000000;16960
14/10/19;00:00;57.1000000;57.6000000;56.5000000;56.7000000;7300
15/10/19;00:00;56.3000000;58.5000000;56.2000000;56.8000000;17440
16/10/19;00:00;56.2000000;58.0000000;56.1000000;57.0000000;16220
17/10/19;00:00;58.2000000;58.2000000;56.6000000;57.2000000;9710
18/10/19;00:00;57.6000000;57.6000000;56.8000000;57.3000000;8980
21/10/19;00:00;58.1000000;58.1000000;56.6000000;57.1000000;2260
22/10/19;00:00;57.7000000;57.8000000;56.7000000;57.3000000;18640
23/10/19;00:00;56.9000000;57.1000000;56.4000000;56.6000000;21620
24/10/19;00:00;57.0000000;57.4000000;55.0000000;56.7000000;44420
25/10/19;00:00;55.8000000;56.7000000;55.8000000;56.6000000;7010
28/10/19;00:00;56.8000000;56.9000000;54.5000000;56.4000000;14830
29/10/19;00:00;56.4000000;56.5000000;55.8000000;56.2000000;7740
30/10/19;00:00;56.0000000;56.3000000;55.6000000;55.7000000;14140
31/10/19;00:00;55.9000000;56.7000000;55.9000000;56.1000000;15110
01/11/19;00:00;56.2000000;56.6000000;55.8000000;56.2000000;11580
05/11/19;00:00;56.4000000;56.7000000;55.8000000;56.5000000;19290
06/11/19;00:00;56.8000000;57.0000000;56.2000000;56.6000000;13010
07/11/19;00:00;56.8000000;57.2000000;56.5000000;57.0000000;9770
08/11/19;00:00;57.2000000;58.1000000;56.9000000;58.0000000;159520
11/11/19;00:00;57.8000000;58.7000000;57.5000000;57.6000000;19650
12/11/19;00:00;58.3000000;58.3000000;57.6000000;57.9000000;9890
13/11/19;00:00;58.2000000;58.2000000;56.0000000;57.4000000;16450
14/11/19;00:00;56.9000000;57.7000000;56.8000000;57.0000000;2320
15/11/19;00:00;57.4000000;57.4000000;56.6000000;56.9000000;7470
18/11/19;00:00;57.3000000;57.3000000;56.2000000;56.4000000;9810
19/11/19;00:00;56.7000000;56.9000000;56.3000000;56.9000000;5610
20/11/19;00:00;56.9000000;57.7000000;56.6000000;57.5000000;12930
21/11/19;00:00;56.8000000;57.6000000;56.4000000;57.5000000;12290
22/11/19;00:00;57.0000000;57.9000000;56.2000000;57.7000000;23120
25/11/19;00:00;58.0000000;58.7000000;57.2000000;57.5000000;21350
26/11/19;00:00;57.3000000;58.1000000;57.0000000;57.9000000;18220
27/11/19;00:00;57.4000000;58.3000000;57.4000000;57.9000000;65270
28/11/19;00:00;57.7000000;58.6000000;57.6000000;57.8000000;21160
29/11/19;00:00;57.7000000;58.2000000;57.4000000;57.8000000;14880
02/12/19;00:00;58.0000000;58.2000000;57.5000000;57.6000000;18850
03/12/19;00:00;57.9000000;58.1000000;56.7000000;57.5000000;22020
04/12/19;00:00;57.3000000;57.3000000;56.6000000;57.2000000;6570
05/12/19;00:00;57.0000000;57.6000000;56.6000000;57.3000000;5510
06/12/19;00:00;56.8000000;58.3000000;56.8000000;57.9000000;14250
09/12/19;00:00;57.3000000;59.3000000;57.3000000;57.7000000;23570
10/12/19;00:00;58.0000000;58.3000000;57.5000000;57.5000000;6210
11/12/19;00:00;58.2000000;58.2000000;57.0000000;57.5000000;15050
12/12/19;00:00;57.2000000;58.7000000;57.1000000;58.4000000;33580
13/12/19;00:00;58.8000000;60.0000000;58.0000000;58.5000000;77660
16/12/19;00:00;58.5000000;58.9000000;57.8000000;58.2000000;40010
17/12/19;00:00;58.8000000;58.8000000;57.5000000;58.6000000;21530
18/12/19;00:00;58.2000000;58.4000000;57.4000000;57.8000000;19150
19/12/19;00:00;57.8000000;58.0000000;57.5000000;57.7000000;11300
20/12/19;00:00;58.0000000;58.0000000;56.9000000;57.3000000;20190
23/12/19;00:00;57.0000000;57.5000000;56.6000000;57.1000000;21280
24/12/19;00:00;57.1000000;57.2000000;56.8000000;56.8000000;9970
25/12/19;00:00;56.8000000;57.3000000;56.8000000;57.3000000;6870
26/12/19;00:00;57.4000000;58.3000000;57.4000000;57.9000000;32370
27/12/19;00:00;58.1000000;58.3000000;57.5000000;57.8000000;61080
30/12/19;00:00;57.9000000;63.0000000;57.3000000;60.4000000;532950
03/01/20;00:00;60.4000000;70.5000000;60.3000000;69.5000000;466620
06/01/20;00:00;69.9000000;75.0000000;69.5000000;73.6000000;448850
08/01/20;00:00;75.9000000;75.9000000;66.3000000;73.0000000;297840
09/01/20;00:00;73.0000000;75.0000000;69.6000000;70.3000000;211360
10/01/20;00:00;71.5000000;73.0000000;70.2000000;71.7000000;93780
13/01/20;00:00;73.1000000;73.8000000;71.1000000;72.3000000;90380
14/01/20;00:00;70.8000000;72.8000000;69.6000000;70.1000000;109930
15/01/20;00:00;70.4000000;72.4000000;68.8000000;70.0000000;220210
16/01/20;00:00;70.9000000;71.8000000;69.9000000;71.3000000;79950
17/01/20;00:00;70.9000000;72.4000000;70.3000000;72.0000000;65660
20/01/20;00:00;71.5000000;73.0000000;70.2000000;71.6000000;52670
21/01/20;00:00;71.6000000;72.1000000;70.3000000;70.9000000;21820
22/01/20;00:00;71.4000000;71.9000000;70.9000000;71.5000000;81720
23/01/20;00:00;71.4000000;71.4000000;67.7000000;69.1000000;91370
24/01/20;00:00;69.3000000;70.0000000;68.0000000;68.4000000;37050
27/01/20;00:00;68.1000000;68.7000000;64.3000000;64.8000000;73580
28/01/20;00:00;65.0000000;69.0000000;64.7000000;67.4000000;76220
29/01/20;00:00;66.5000000;70.5000000;66.2000000;68.0000000;40180
30/01/20;00:00;68.7000000;69.7000000;68.2000000;69.6000000;27910
31/01/20;00:00;69.9000000;70.0000000;67.6000000;67.8000000;25170
03/02/20;00:00;67.6000000;69.8000000;66.0000000;67.7000000;57030
04/02/20;00:00;67.0000000;68.8000000;67.0000000;68.1000000;6650
05/02/20;00:00;67.1000000;69.0000000;65.7000000;66.7000000;40400
06/02/20;00:00;67.1000000;67.8000000;65.9000000;66.7000000;39500
07/02/20;00:00;66.3000000;67.6000000;66.3000000;67.1000000;13220
10/02/20;00:00;67.4000000;69.4000000;66.3000000;68.5000000;49560
11/02/20;00:00;68.1000000;69.0000000;67.6000000;68.2000000;22410
12/02/20;00:00;68.9000000;68.9000000;67.1000000;67.8000000;24500
13/02/20;00:00;68.2000000;68.6000000;66.9000000;67.4000000;10550
14/02/20;00:00;68.0000000;68.0000000;66.1000000;67.7000000;10760
17/02/20;00:00;69.8000000;78.0000000;69.1000000;74.9000000;677310
18/02/20;00:00;75.5000000;79.9000000;71.3000000;73.2000000;607330
19/02/20;00:00;75.0000000;76.0000000;70.2000000;72.1000000;302050
20/02/20;00:00;72.9000000;73.4000000;71.4000000;72.6000000;126720
21/02/20;00:00;71.5000000;74.0000000;71.3000000;72.4000000;35400
25/02/20;00:00;71.0000000;72.8000000;69.7000000;69.8000000;66320
26/02/20;00:00;69.5000000;71.2000000;66.8000000;68.9000000;121720
27/02/20;00:00;68.5000000;68.8000000;65.9000000;67.8000000;59710
28/02/20;00:00;66.5000000;68.5000000;62.5000000;65.5000000;134390
02/03/20;00:00;66.6000000;68.7000000;63.1000000;66.1000000;89620
03/03/20;00:00;66.2000000;67.0000000;63.7000000;67.0000000;44780
04/03/20;00:00;67.0000000;68.5000000;64.8000000;67.6000000;21410
05/03/20;00:00;67.2000000;68.9000000;65.9000000;66.7000000;19950
06/03/20;00:00;66.7000000;66.7000000;60.2000000;63.0000000;91340
10/03/20;00:00;60.0000000;61.9000000;57.0000000;58.4000000;73850
11/03/20;00:00;61.0000000;61.6000000;58.4000000;59.4000000;37570
12/03/20;00:00;58.9000000;69.8000000;50.1000000;51.3000000;171490
13/03/20;00:00;50.3000000;54.0000000;50.2000000;52.9000000;44130
16/03/20;00:00;52.9000000;53.0000000;50.1000000;51.5000000;22440
17/03/20;00:00;51.9000000;52.4000000;48.0000000;48.4000000;51500
18/03/20;00:00;48.4000000;48.8000000;42.3000000;44.0000000;116220
19/03/20;00:00;44.9000000;51.0000000;43.4000000;49.9000000;118560
20/03/20;00:00;50.0000000;53.5000000;49.1000000;51.2000000;113240
23/03/20;00:00;50.1000000;53.0000000;48.0000000;51.5000000;33800
24/03/20;00:00;52.8000000;53.8000000;51.9000000;52.8000000;22870
25/03/20;00:00;53.1000000;56.8000000;52.5000000;55.5000000;90930
26/03/20;00:00;54.2000000;56.7000000;52.6000000;56.6000000;45030
27/03/20;00:00;56.6000000;56.6000000;53.6000000;53.8000000;18770
30/03/20;00:00;53.9000000;54.6000000;49.5000000;51.1000000;650920
31/03/20;00:00;51.1000000;52.8000000;49.9000000;51.7000000;339620
01/04/20;00:00;51.2000000;51.9000000;50.5000000;51.0000000;76290
02/04/20;00:00;51.5000000;52.5000000;50.3000000;50.9000000;217910
03/04/20;00:00;50.4000000;53.9000000;50.2000000;53.6000000;221780
06/04/20;00:00;53.9000000;55.9000000;51.5000000;54.4000000;137930
07/04/20;00:00;54.6000000;56.0000000;54.4000000;54.8000000;144420
08/04/20;00:00;54.6000000;54.8000000;53.0000000;53.7000000;139680
09/04/20;00:00;55.6000000;55.6000000;53.3000000;54.1000000;90850
10/04/20;00:00;54.5000000;54.8000000;53.5000000;54.1000000;48010
13/04/20;00:00;54.5000000;54.5000000;53.5000000;54.2000000;33530
14/04/20;00:00;54.5000000;54.9000000;54.0000000;54.1000000;27370
15/04/20;00:00;54.1000000;54.8000000;51.5000000;52.0000000;76170
16/04/20;00:00;51.7000000;53.4000000;51.6000000;53.1000000;35110
17/04/20;00:00;52.8000000;53.8000000;52.8000000;53.0000000;19190
20/04/20;00:00;52.8000000;53.7000000;52.5000000;52.6000000;24620
21/04/20;00:00;53.4000000;53.8000000;51.1000000;51.5000000;35830
22/04/20;00:00;51.6000000;53.0000000;51.4000000;52.9000000;50260
23/04/20;00:00;53.0000000;54.0000000;53.0000000;54.0000000;67140
24/04/20;00:00;54.3000000;56.6000000;53.2000000;54.9000000;125300
27/04/20;00:00;54.3000000;56.0000000;53.9000000;55.2000000;42510
28/04/20;00:00;55.2000000;56.7000000;54.3000000;55.8000000;140480
29/04/20;00:00;55.9000000;56.1000000;55.0000000;55.5000000;22360
30/04/20;00:00;55.7000000;56.1000000;54.8000000;55.5000000;28990
04/05/20;00:00;56.1000000;56.1000000;54.8000000;55.1000000;17000
05/05/20;00:00;55.4000000;56.5000000;55.1000000;56.0000000;25030
06/05/20;00:00;56.5000000;56.8000000;55.5000000;55.6000000;32760
07/05/20;00:00;56.0000000;56.7000000;55.3000000;55.3000000;19500
08/05/20;00:00;55.7000000;56.2000000;55.1000000;56.0000000;15370
12/05/20;00:00;56.9000000;57.5000000;54.9000000;55.5000000;44260
13/05/20;00:00;55.2000000;55.6000000;53.4000000;54.3000000;78600
14/05/20;00:00;54.0000000;54.9000000;53.1000000;54.2000000;31990
15/05/20;00:00;54.4000000;54.8000000;54.0000000;54.3000000;13800
18/05/20;00:00;54.2000000;55.7000000;54.0000000;55.2000000;11060
19/05/20;00:00;54.8000000;55.7000000;54.6000000;54.7000000;17110
20/05/20;00:00;55.0000000;55.3000000;54.5000000;55.2000000;24910
21/05/20;00:00;55.2000000;55.8000000;53.6000000;55.4000000;43930
22/05/20;00:00;55.4000000;55.5000000;54.2000000;55.0000000;9890
25/05/20;00:00;55.3000000;55.6000000;54.8000000;55.2000000;15070
26/05/20;00:00;54.9000000;56.0000000;54.7000000;55.6000000;23330
27/05/20;00:00;55.5000000;56.2000000;55.1000000;55.3000000;29360
28/05/20;00:00;55.2000000;56.2000000;55.2000000;55.5000000;30310
29/05/20;00:00;55.9000000;56.2000000;55.4000000;55.9000000;21840
01/06/20;00:00;55.6000000;56.9000000;55.4000000;56.0000000;25010
02/06/20;00:00;56.5000000;65.0000000;55.4000000;60.6000000;260350
03/06/20;00:00;61.5000000;62.0000000;58.5000000;59.4000000;88770
04/06/20;00:00;59.3000000;59.7000000;57.2000000;58.3000000;56180
05/06/20;00:00;58.3000000;61.0000000;57.5000000;60.0000000;91620
08/06/20;00:00;60.4000000;60.6000000;58.5000000;59.4000000;94430
09/06/20;00:00;58.5000000;59.5000000;56.0000000;58.0000000;30270
10/06/20;00:00;58.4000000;59.3000000;57.3000000;58.8000000;42840
11/06/20;00:00;59.2000000;59.8000000;57.2000000;57.3000000;36680
15/06/20;00:00;57.4000000;58.6000000;55.9000000;58.6000000;73670
16/06/20;00:00;58.9000000;59.0000000;57.1000000;57.8000000;64580
17/06/20;00:00;57.2000000;57.9000000;57.2000000;57.7000000;21170
18/06/20;00:00;57.7000000;57.8000000;57.1000000;57.3000000;10220
19/06/20;00:00;57.4000000;57.9000000;57.3000000;57.6000000;23340
22/06/20;00:00;58.5000000;58.6000000;57.6000000;58.1000000;32240
23/06/20;00:00;58.6000000;58.6000000;57.3000000;57.4000000;25080
25/06/20;00:00;58.9000000;58.9000000;56.3000000;57.0000000;21890
26/06/20;00:00;57.5000000;57.7000000;56.4000000;57.0000000;13290
29/06/20;00:00;57.3000000;57.8000000;56.3000000;57.0000000;22390
30/06/20;00:00;57.0000000;57.8000000;56.3000000;57.1000000;27200
02/07/20;00:00;56.8000000;58.0000000;56.8000000;57.5000000;26610
03/07/20;00:00;58.3000000;58.3000000;57.0000000;57.1000000;31930
06/07/20;00:00;57.6000000;58.0000000;57.1000000;57.8000000;24450
07/07/20;00:00;59.8000000;59.8000000;54.9000000;57.4000000;25990
08/07/20;00:00;57.4000000;57.4000000;56.5000000;56.8000000;29670
09/07/20;00:00;56.5000000;57.4000000;56.5000000;56.8000000;12610
10/07/20;00:00;57.0000000;57.1000000;55.8000000;56.2000000;25370
13/07/20;00:00;56.2000000;58.8000000;56.2000000;58.7000000;125090
14/07/20;00:00;58.3000000;59.3000000;56.6000000;57.8000000;61820
15/07/20;00:00;58.5000000;58.6000000;56.9000000;57.8000000;50550
16/07/20;00:00;58.5000000;58.6000000;57.3000000;58.1000000;54570
17/07/20;00:00;61.2000000;61.9000000;57.7000000;58.5000000;207590
20/07/20;00:00;58.5000000;59.2000000;57.0000000;58.3000000;90270
21/07/20;00:00;58.6000000;58.7000000;57.8000000;58.2000000;75900
22/07/20;00:00;58.1000000;58.8000000;57.9000000;58.2000000;29210
23/07/20;00:00;58.1000000;58.5000000;57.3000000;58.0000000;44730
24/07/20;00:00;57.6000000;58.1000000;57.2000000;58.1000000;11420
27/07/20;00:00;57.4000000;58.2000000;57.2000000;57.7000000;53450
28/07/20;00:00;57.7000000;58.2000000;57.5000000;57.6000000;23840
29/07/20;00:00;57.7000000;60.6000000;57.5000000;60.0000000;199620
30/07/20;00:00;60.7000000;60.9000000;58.4000000;59.5000000;68630
31/07/20;00:00;59.9000000;60.2000000;57.7000000;57.7000000;103340
03/08/20;00:00;58.4000000;59.0000000;57.6000000;58.2000000;90290
04/08/20;00:00;58.4000000;58.6000000;57.8000000;58.4000000;27490
05/08/20;00:00;58.4000000;59.3000000;58.1000000;58.5000000;68190
06/08/20;00:00;58.5000000;58.8000000;58.0000000;58.6000000;29420
07/08/20;00:00;58.7000000;76.0000000;58.2000000;65.7000000;2073940
10/08/20;00:00;66.5000000;70.7000000;63.3000000;64.9000000;430470
11/08/20;00:00;65.4000000;65.8000000;62.4000000;63.8000000;180980
12/08/20;00:00;65.0000000;66.6000000;64.0000000;65.0000000;161600
13/08/20;00:00;65.0000000;65.8000000;64.3000000;64.8000000;67790
14/08/20;00:00;65.1000000;66.8000000;64.2000000;65.4000000;90490
17/08/20;00:00;65.4000000;66.0000000;63.0000000;64.2000000;126690
18/08/20;00:00;64.0000000;64.0000000;63.1000000;63.5000000;37240
19/08/20;00:00;64.1000000;79.9000000;63.4000000;66.8000000;644720
20/08/20;00:00;66.1000000;66.7000000;64.1000000;64.5000000;150310
21/08/20;00:00;65.2000000;65.7000000;64.2000000;64.4000000;46280
24/08/20;00:00;64.6000000;64.6000000;63.5000000;64.3000000;60240
25/08/20;00:00;64.0000000;64.6000000;63.7000000;63.9000000;38660
26/08/20;00:00;64.3000000;64.3000000;63.1000000;63.3000000;63150
27/08/20;00:00;63.6000000;65.6000000;63.1000000;64.7000000;105280
28/08/20;00:00;65.0000000;65.1000000;63.7000000;63.9000000;15770
31/08/20;00:00;64.4000000;65.9000000;63.6000000;63.8000000;96310
01/09/20;00:00;64.2000000;64.5000000;63.1000000;63.3000000;44140
02/09/20;00:00;63.2000000;64.5000000;61.7000000;62.3000000;87050
03/09/20;00:00;62.3000000;62.6000000;60.6000000;61.2000000;66220
04/09/20;00:00;61.0000000;62.5000000;60.1000000;61.8000000;76490
07/09/20;00:00;61.7000000;63.4000000;61.6000000;63.1000000;51210
08/09/20;00:00;63.2000000;63.4000000;60.6000000;61.6000000;49200
09/09/20;00:00;61.1000000;63.3000000;61.1000000;62.5000000;68810
10/09/20;00:00;63.4000000;63.4000000;62.3000000;62.7000000;19020
11/09/20;00:00;62.4000000;63.0000000;62.0000000;62.6000000;21370
14/09/20;00:00;62.7000000;64.4000000;62.4000000;62.5000000;96050
15/09/20;00:00;62.5000000;63.8000000;62.5000000;62.9000000;23060
16/09/20;00:00;62.9000000;62.9000000;62.4000000;62.7000000;16660
17/09/20;00:00;62.4000000;63.3000000;62.3000000;63.0000000;25200
18/09/20;00:00;63.3000000;63.7000000;62.9000000;63.2000000;27070
21/09/20;00:00;63.0000000;63.6000000;62.0000000;62.0000000;32810
22/09/20;00:00;62.0000000;62.8000000;61.9000000;62.1000000;14760
23/09/20;00:00;62.3000000;62.4000000;60.7000000;61.7000000;49500
